1 1 830 1112 474 755
1 2 1194 1479 433 700
2 1 826 1105 466 746
2 2 1185 1472 421 694
3 1 816 1105 468 742
3 2 1182 1468 420 694
4 1 817 1104 467 740
4 2 1182 1467 417 691
5 1 818 1105 466 740
5 2 1189 1471 414 701
6 1 817 1105 464 743
6 2 1183 1469 418 695
7 1 820 1105 463 750
7 2 1182 1468 420 697
8 1 817 1107 469 753
8 2 1182 1468 422 699
9 1 815 1106 475 758
9 2 1190 1466 434 711
10 1 815 1105 473 758
10 2 1182 1466 432 708
11 1 814 1104 472 757
11 2 1181 1464 432 708
12 1 814 1103 474 761
12 2 1184 1463 431 709
13 1 812 1101 475 761
13 2 1176 1459 434 705
14 1 811 1098 475 763
14 2 1183 1460 429 709
15 1 813 1098 486 766
15 2 1176 1458 441 708
16 1 812 1100 479 764
16 2 1176 1459 441 704
17 1 812 1101 475 763
17 2 1182 1458 427 708
18 1 817 1102 495 767
18 2 1187 1462 442 712
19 1 819 1101 495 781
19 2 1180 1464 450 719
20 1 814 1097 504 782
20 2 1175 1459 456 727
21 1 812 1089 494 783
21 2 1169 1451 457 727
22 1 801 1086 500 785
22 2 1163 1446 457 727
23 1 798 1083 500 783
23 2 1160 1443 457 728
24 1 801 1081 500 783
24 2 1158 1442 457 728
25 1 793 1080 498 784
25 2 1156 1440 458 728
26 1 795 1074 496 774
26 2 1157 1439 459 713
27 1 791 1071 488 772
27 2 1155 1435 445 718
28 1 788 1069 492 770
28 2 1155 1435 445 716
29 1 784 1069 490 762
29 2 1149 1431 432 711
30 1 781 1069 472 761
30 2 1145 1431 431 704
31 1 780 1069 471 762
31 2 1159 1431 428 712
32 1 776 1069 471 764
32 2 1158 1429 426 714
33 1 772 1067 473 764
33 2 1146 1428 421 705
34 1 768 1066 469 767
34 2 1155 1433 422 705
35 1 768 1065 471 770
35 2 1146 1426 425 707
36 1 764 1063 470 771
36 2 1145 1424 427 707
37 1 749 1056 473 769
37 2 1134 1420 418 704
38 1 750 1052 461 771
38 2 1128 1414 416 705
39 1 743 1045 465 774
39 2 1129 1421 417 706
40 1 735 1040 470 776
40 2 1115 1408 420 708
41 1 730 1035 463 774
41 2 1115 1402 412 704
42 1 725 1031 463 776
42 2 1113 1387 408 707
43 1 721 1027 459 775
43 2 1113 1403 411 703
44 1 721 1028 459 777
44 2 1125 1426 409 701
45 1 720 1029 464 775
45 2 1118 1438 413 705
46 1 702 1028 462 775
46 2 1123 1434 410 704
47 1 710 1022 456 771
47 2 1127 1440 410 700
48 1 709 1019 451 769
48 2 1126 1445 407 705
49 1 707 1015 447 762
49 2 1137 1443 405 706
50 1 703 1016 451 765
50 2 1141 1444 403 706
51 1 696 1013 450 757
51 2 1139 1447 398 705
52 1 683 1004 449 757
52 2 1138 1453 388 706
53 1 681 996 444 759
53 2 1141 1446 387 702
54 1 680 991 442 760
54 2 1138 1443 381 692
55 1 674 985 439 756
55 2 1133 1465 376 687
56 1 673 988 437 743
56 2 1136 1451 365 666
57 1 672 987 438 744
57 2 1145 1474 354 659
58 1 671 987 437 742
58 2 1142 1464 343 649
59 1 667 985 440 744
59 2 1143 1477 334 651
60 1 663 981 445 744
60 2 1153 1437 327 629
61 1 662 969 433 754
61 2 1153 1452 310 628
62 1 655 969 447 751
62 2 1141 1457 310 619
63 1 652 960 451 752
63 2 1149 1457 306 620
64 1 653 955 452 758
64 2 1141 1470 306 615
65 1 652 954 455 765
65 2 1151 1462 306 615
66 1 647 951 473 773
66 2 1147 1456 313 615
67 1 648 948 476 781
67 2 1152 1448 317 616
68 1 642 942 482 793
68 2 1149 1442 317 619
69 1 636 933 492 796
69 2 1146 1428 326 623
70 1 633 925 501 802
70 2 1145 1436 328 630
71 1 626 924 514 816
71 2 1141 1436 341 642
72 1 626 917 517 818
72 2 1140 1447 347 648
73 1 629 918 524 821
73 2 1143 1443 358 656
74 1 627 914 525 819
74 2 1148 1454 362 658
75 1 625 915 515 810
75 2 1140 1469 358 655
76 1 627 915 510 805
76 2 1149 1465 359 657
77 1 628 915 508 801
77 2 1150 1461 358 654
78 1 630 914 507 800
78 2 1149 1467 358 652
79 1 630 914 509 801
79 2 1147 1477 362 653
80 1 626 910 506 798
80 2 1150 1480 363 649
81 1 623 905 503 792
81 2 1149 1467 361 646
82 1 624 902 496 784
82 2 1139 1455 356 639
83 1 626 902 493 780
83 2 1137 1450 356 636
84 1 633 907 493 769
84 2 1145 1431 352 631
85 1 639 912 485 762
85 2 1140 1430 342 623
86 1 651 916 483 762
86 2 1130 1426 342 616
87 1 655 926 475 758
87 2 1121 1420 334 611
88 1 658 927 471 753
88 2 1104 1429 323 605
89 1 655 925 470 752
89 2 1098 1416 316 600
90 1 651 919 478 749
90 2 1072 1401 317 604
91 1 655 913 473 745
91 2 1071 1391 318 613
92 1 645 908 471 751
92 2 1037 1358 322 620
93 1 626 897 467 749
93 2 1031 1338 342 643
94 1 619 885 465 750
94 2 1007 1295 354 658
95 1 606 875 474 751
95 2 987 1264 371 670
96 1 594 859 480 743
96 2 971 1248 383 688
97 1 589 853 465 742
97 2 951 1206 386 715
98 1 589 846 487 753
98 2 955 1206 400 736
99 1 585 842 494 751
99 2 932 1198 417 761
100 1 584 836 472 736
100 2 940 1200 426 771
101 1 585 841 472 735
101 2 929 1210 425 785
102 1 590 843 473 729
102 2 927 1263 430 800
103 1 596 844 462 717
103 2 933 1276 431 801
104 1 598 846 465 708
104 2 944 1246 434 801
105 1 603 847 457 702
105 2 946 1245 445 820
106 1 610 848 453 694
106 2 957 1280 436 825
107 1 610 851 450 688
107 2 955 1325 449 849
108 1 616 848 449 685
108 2 963 1363 474 884
109 1 617 849 449 681
109 2 970 1362 494 892
110 1 620 853 446 675
110 2 976 1363 501 899
111 1 616 850 438 674
111 2 980 1387 501 902
112 1 622 853 439 669
112 2 985 1321 504 912
113 1 627 854 440 667
113 2 986 1308 517 925
114 1 632 859 441 665
114 2 985 1313 529 940
115 1 641 866 440 664
115 2 993 1374 543 949
116 1 646 870 435 657
116 2 1003 1394 545 953
117 1 647 866 432 653
117 2 1009 1382 547 957
118 1 643 859 422 638
118 2 1015 1419 546 955
119 1 633 853 407 629
119 2 1025 1415 547 958
120 1 625 841 405 619
120 2 1032 1412 543 961
121 1 613 830 394 609
121 2 1042 1412 545 966
122 1 604 832 387 603
122 2 1046 1433 553 973
123 1 592 830 375 591
123 2 1043 1411 540 971
124 1 588 799 363 577
124 2 1062 1441 555 981
125 1 581 792 300 514
125 2 1058 1420 549 991
126 1 575 786 362 572
126 2 1060 1414 560 993
127 1 569 798 362 575
127 2 1059 1396 572 1004
128 1 564 796 366 580
128 2 1057 1430 603 1014
129 1 561 773 366 561
129 2 1047 1418 607 1009
130 1 561 773 366 561
130 2 1031 1403 602 1000
131 1 561 773 366 561
131 2 1019 1389 598 991
132 1 561 773 366 561
132 2 1015 1351 588 980
133 1 561 773 366 561
133 2 996 1305 566 959
134 1 561 773 366 561
134 2 999 1298 557 941
135 1 561 773 366 561
135 2 997 1300 544 925
136 1 561 773 366 561
136 2 999 1286 515 903
137 1 561 773 366 561
137 2 992 1274 503 880
138 1 561 773 366 561
138 2 990 1275 481 859
139 1 561 773 366 561
139 2 997 1273 466 845
140 1 561 773 366 561
140 2 993 1268 458 816
141 1 561 773 366 561
141 2 1010 1300 441 807
142 1 561 773 366 561
142 2 1026 1395 432 793
143 1 561 773 366 561
143 2 1046 1388 432 800
144 1 561 773 366 561
144 2 1064 1372 420 796
145 1 561 773 366 561
145 2 1070 1393 435 802
146 1 561 773 366 561
146 2 1087 1423 432 806
147 1 561 773 366 561
147 2 1079 1377 440 818
148 1 561 773 366 561
148 2 1075 1394 450 829
149 1 577 789 352 546
149 2 1072 1406 453 832
150 1 577 789 359 553
150 2 1073 1398 460 839
151 1 577 789 359 553
151 2 1082 1403 454 843
152 1 577 789 359 553
152 2 1088 1457 459 848
153 1 577 789 359 553
153 2 1100 1476 464 854
154 1 577 789 359 553
154 2 1112 1458 456 854
155 1 577 789 359 553
155 2 1100 1459 461 856
156 1 577 789 359 553
156 2 1104 1469 446 853
157 1 577 789 359 553
157 2 1117 1510 436 846
158 1 577 789 359 553
158 2 1128 1542 416 844
159 1 577 789 359 553
159 2 1136 1543 412 842
160 1 577 789 359 553
160 2 1153 1575 397 845
161 1 577 789 359 553
161 2 1153 1554 405 850
162 1 577 789 359 553
162 2 1160 1542 395 844
163 1 577 789 359 553
163 2 1168 1566 383 849
164 1 577 789 359 553
164 2 1168 1569 390 841
165 1 577 789 359 553
165 2 1162 1562 377 838
166 1 577 789 359 553
166 2 1164 1550 367 838
167 1 577 789 359 553
167 2 1162 1593 373 835
168 1 577 789 359 553
168 2 1155 1573 374 833
169 1 577 789 359 553
169 2 1145 1546 365 825
170 1 577 789 359 553
170 2 1135 1538 350 821
171 1 577 789 359 553
171 2 1123 1535 348 817
172 1 577 789 359 553
172 2 1103 1535 340 809
173 1 577 789 359 553
173 2 1112 1509 334 795
174 1 577 789 359 553
174 2 1114 1527 332 794
175 1 577 789 359 553
175 2 1099 1519 327 782
176 1 577 789 359 553
176 2 1096 1538 320 772
177 1 577 789 359 553
177 2 1098 1528 311 765
178 1 577 789 359 553
178 2 1097 1521 305 758
179 1 577 789 359 553
179 2 1108 1509 297 745
180 1 577 789 359 553
180 2 1117 1494 293 741
181 1 577 789 359 553
181 2 1127 1498 288 721
182 1 577 789 359 553
182 2 1147 1492 272 718
183 1 577 789 359 553
183 2 1151 1499 267 702
184 1 577 789 359 553
184 2 1163 1513 261 683
185 1 577 789 359 553
185 2 1184 1543 262 665
186 1 577 789 359 553
186 2 1201 1545 252 645
187 1 577 789 359 553
187 2 1211 1554 260 646
188 1 577 789 359 553
188 2 1222 1564 250 635
189 1 577 789 359 553
189 2 1234 1557 244 616
190 1 577 789 359 553
190 2 1234 1557 244 616
191 1 577 789 359 553
191 2 1234 1557 244 616
192 1 577 789 359 553
192 2 1234 1557 244 616
193 1 577 789 359 553
193 2 1234 1557 244 616
194 1 577 789 359 553
194 2 1234 1557 244 616
195 1 577 789 359 553
195 2 1234 1557 244 616
196 1 577 789 359 553
196 2 1234 1557 244 616
197 1 577 789 359 553
197 2 1234 1557 244 616
198 1 577 789 359 553
198 2 1234 1557 244 616
199 1 577 789 359 553
199 2 1234 1557 244 616
200 1 577 789 359 553
200 2 1234 1557 244 616
201 1 577 789 359 553
201 2 1234 1557 244 616
202 1 577 789 359 553
202 2 1234 1557 244 616
203 1 577 789 359 553
203 2 1293 1616 310 682
204 1 577 789 359 553
204 2 1293 1616 305 677
205 1 577 789 359 553
205 2 1288 1611 305 677
206 1 577 789 359 553
206 2 1282 1605 305 677
207 1 577 789 359 553
207 2 1296 1619 312 684
208 1 577 789 359 553
208 2 1314 1637 323 695
209 1 577 789 359 553
209 2 1334 1657 335 707
210 1 577 789 359 553
210 2 1346 1669 341 713
211 1 577 789 359 553
211 2 1351 1674 354 726
212 1 577 789 359 553
212 2 1359 1682 367 739
213 1 577 789 359 553
213 2 1351 1674 429 801
214 1 577 789 359 553
214 2 1341 1664 515 887
215 1 577 789 359 553
215 2 1341 1664 521 893
216 1 577 789 359 553
216 2 1327 1650 524 896
217 1 577 789 359 553
217 2 1300 1623 524 896
218 1 577 789 359 553
218 2 1287 1610 533 905
219 1 577 789 359 553
219 2 1282 1605 547 919
220 1 577 789 359 553
220 2 1277 1600 547 919
221 1 577 789 359 553
221 2 1263 1586 539 911
222 1 577 789 359 553
222 2 1249 1572 533 905
223 1 577 789 359 553
223 2 1243 1566 530 902
224 1 577 789 359 553
224 2 1219 1542 531 903
225 1 577 789 359 553
225 2 1186 1509 535 907
226 1 577 789 359 553
226 2 1164 1487 540 912
227 1 577 789 359 553
227 2 1133 1456 549 921
228 1 577 789 359 553
228 2 1105 1428 548 920
229 1 577 789 359 553
229 2 1084 1407 545 917
230 1 577 789 359 553
230 2 1057 1380 546 918
231 1 577 789 359 553
231 2 1033 1356 551 923
232 1 577 789 359 553
232 2 1028 1351 552 924
233 1 577 789 359 553
233 2 1013 1336 552 924
234 1 577 789 359 553
234 2 996 1319 545 917
235 1 577 789 359 553
235 2 987 1310 548 920
236 1 577 789 359 553
236 2 975 1298 551 923
237 1 577 789 359 553
237 2 960 1283 556 928
238 1 577 789 359 553
238 2 955 1278 558 930
239 1 577 789 359 553
239 2 957 1280 559 931
240 1 577 789 359 553
240 2 957 1280 558 930
241 1 577 789 359 553
241 2 951 1274 555 927
242 1 577 789 359 553
242 2 939 1262 552 924
243 1 577 789 359 553
243 2 937 1260 553 925
244 1 577 789 359 553
244 2 937 1260 556 928
245 1 577 789 359 553
245 2 956 1279 574 946
246 1 577 789 359 553
246 2 959 1282 591 963
247 1 577 789 359 553
247 2 959 1282 599 971
248 1 577 789 359 553
248 2 952 1275 602 974
249 1 577 789 359 553
249 2 941 1264 606 978
250 1 577 789 359 553
250 2 928 1251 603 975
251 1 577 789 359 553
251 2 918 1241 605 977
252 1 577 789 359 553
252 2 900 1223 623 995
253 1 577 789 359 553
253 2 882 1205 635 1007
254 1 577 789 359 553
254 2 831 1154 694 1066
255 1 577 789 359 553
255 2 812 1135 708 1080
256 1 577 789 359 553
256 2 798 1121 708 1080
257 1 577 789 359 553
257 2 776 1099 708 1080
258 1 577 789 359 553
258 2 760 1083 708 1080
259 1 577 789 359 553
259 2 748 1071 708 1080
260 1 577 789 359 553
260 2 767 1090 708 1080
261 1 577 789 359 553
261 2 786 1109 708 1080
262 1 577 789 359 553
262 2 796 1119 708 1080
263 1 577 789 359 553
263 2 796 1119 708 1080
264 1 577 789 359 553
264 2 796 1119 708 1080
265 1 577 789 359 553
265 2 796 1119 708 1080
266 1 577 789 359 553
266 2 796 1119 708 1080
267 1 577 789 359 553
267 2 796 1119 708 1080
268 1 577 789 359 553
268 2 796 1119 708 1080
269 1 577 789 359 553
269 2 796 1119 708 1080
270 1 577 789 359 553
270 2 796 1119 708 1080
271 1 577 789 359 553
271 2 796 1119 708 1080
272 1 577 789 359 553
272 2 796 1119 708 1080
273 1 577 789 359 553
273 2 765 1112 591 989
274 1 577 789 359 553
274 2 791 1120 565 971
275 1 533 745 361 555
275 2 780 1121 555 950
276 1 532 744 361 555
276 2 776 1121 552 950
277 1 528 740 351 545
277 2 768 1119 552 947
278 1 530 742 341 535
278 2 780 1119 550 943
279 1 537 749 334 528
279 2 789 1123 545 941
280 1 545 757 326 520
280 2 799 1126 542 940
281 1 555 767 319 513
281 2 811 1128 540 937
282 1 561 773 303 497
282 2 818 1123 541 938
283 1 561 773 303 497
283 2 802 1109 547 937
284 1 561 773 303 497
284 2 782 1092 540 930
285 1 561 773 303 497
285 2 749 1072 544 939
286 1 561 773 303 497
286 2 725 1032 548 933
287 1 561 773 303 497
287 2 690 1009 545 939
288 1 561 773 303 497
288 2 690 1009 545 939
289 1 561 773 303 497
289 2 690 1009 545 939
290 1 561 773 303 497
290 2 690 1009 545 939
291 1 561 773 303 497
291 2 690 1009 545 939
292 1 561 773 303 497
292 2 690 1009 545 939
293 1 561 773 303 497
293 2 690 1009 545 939
294 1 561 773 303 497
294 2 690 1009 545 939
295 1 561 773 303 497
295 2 771 1090 559 952
296 1 561 773 303 497
296 2 772 1091 569 962
297 1 561 773 303 497
297 2 772 1091 579 972
298 1 561 773 303 497
298 2 772 1091 579 972
299 1 561 773 303 497
299 2 772 1091 589 982
300 1 561 773 303 497
300 2 772 1091 599 992
301 1 561 773 303 497
301 2 772 1091 609 1002
302 1 561 773 303 497
302 2 773 1092 609 1002
303 1 561 773 303 497
303 2 773 1092 609 1002
304 1 561 773 303 497
304 2 780 1099 596 989
305 1 561 773 303 497
305 2 799 1118 574 967
306 1 561 773 303 497
306 2 832 1151 557 950
307 1 561 773 303 497
307 2 868 1187 535 928
308 1 561 773 303 497
308 2 898 1217 513 906
309 1 561 773 303 497
309 2 916 1235 490 883
310 1 561 773 303 497
310 2 933 1252 457 850
311 1 561 773 303 497
311 2 946 1265 444 837
312 1 561 773 303 497
312 2 960 1279 451 844
313 1 561 773 303 497
313 2 970 1289 451 844
314 1 561 773 303 497
314 2 979 1298 459 852
315 1 561 773 303 497
315 2 982 1301 461 854
316 1 561 773 303 497
316 2 981 1300 467 860
317 1 561 773 303 497
317 2 975 1294 481 874
318 1 561 773 303 497
318 2 964 1283 484 877
319 1 561 773 303 497
319 2 956 1275 475 868
320 1 561 773 303 497
320 2 946 1265 476 869
321 1 561 773 303 497
321 2 936 1255 477 870
322 1 561 773 303 497
322 2 926 1245 477 870
323 1 561 773 303 497
323 2 917 1236 477 870
324 1 561 773 303 497
324 2 914 1233 477 870
325 1 561 773 303 497
325 2 914 1233 477 870
326 1 561 773 303 497
326 2 909 1228 478 871
327 1 561 773 303 497
327 2 909 1228 478 871
328 1 561 773 303 497
328 2 920 1239 474 867
329 1 561 773 303 497
329 2 932 1251 484 877
330 1 561 773 303 497
330 2 943 1262 495 888
331 1 561 773 303 497
331 2 954 1273 500 893
332 1 561 773 303 497
332 2 957 1276 506 899
333 1 561 773 303 497
333 2 956 1275 515 908
334 1 561 773 303 497
334 2 950 1269 518 911
335 1 561 773 303 497
335 2 939 1258 523 916
336 1 561 773 303 497
336 2 929 1248 524 917
337 1 561 773 303 497
337 2 919 1238 524 917
338 1 561 773 303 497
338 2 909 1228 524 917
339 1 561 773 303 497
339 2 897 1216 529 922
340 1 561 773 303 497
340 2 887 1206 532 925
341 1 561 773 303 497
341 2 887 1206 532 925
342 1 561 773 303 497
342 2 892 1211 532 925
343 1 561 773 303 497
343 2 895 1214 532 925
344 1 561 773 303 497
344 2 895 1214 532 925
345 1 561 773 303 497
345 2 896 1215 532 925
346 1 561 773 303 497
346 2 911 1230 536 929
347 1 561 773 303 497
347 2 933 1252 540 933
348 1 561 773 303 497
348 2 958 1277 547 940
349 1 561 773 303 497
349 2 973 1292 549 942
350 1 561 773 303 497
350 2 974 1293 550 943
351 1 561 773 303 497
351 2 976 1295 563 956
352 1 561 773 303 497
352 2 979 1298 578 971
353 1 561 773 303 497
353 2 979 1298 594 987
354 1 561 773 303 497
354 2 978 1297 605 998
355 1 561 773 303 497
355 2 978 1297 609 1002
356 1 561 773 303 497
356 2 976 1295 622 1015
357 1 561 773 303 497
357 2 976 1295 633 1026
358 1 561 773 303 497
358 2 978 1297 635 1028
359 1 561 773 303 497
359 2 982 1301 638 1031
360 1 561 773 303 497
360 2 985 1304 643 1036
361 1 561 773 303 497
361 2 987 1306 644 1037
362 1 561 773 303 497
362 2 987 1306 644 1037
363 1 561 773 303 497
363 2 977 1296 646 1039
364 1 561 773 303 497
364 2 964 1283 652 1045
365 1 561 773 303 497
365 2 952 1271 657 1050
366 1 561 773 303 497
366 2 940 1259 662 1055
367 1 561 773 303 497
367 2 925 1244 670 1063
368 1 561 773 303 497
368 2 909 1228 680 1073
369 1 561 773 303 497
369 2 888 1207 687 1080
370 1 561 773 303 497
370 2 856 1175 687 1080
371 1 561 773 303 497
371 2 823 1142 687 1080
372 1 561 773 303 497
372 2 790 1109 687 1080
373 1 606 818 292 486
373 2 756 1075 687 1080
374 1 584 796 296 490
374 2 727 1046 687 1080
375 1 563 775 299 493
375 2 700 1019 687 1080
376 1 549 761 303 497
376 2 677 996 687 1080
377 1 546 758 317 511
377 2 669 988 687 1080
378 1 550 762 334 528
378 2 680 999 687 1080
379 1 576 788 346 540
379 2 702 1021 687 1080
380 1 597 809 358 552
380 2 717 1036 687 1080
381 1 606 818 362 556
381 2 727 1046 687 1080
382 1 623 835 370 564
382 2 739 1058 687 1080
383 1 634 846 380 574
383 2 748 1067 687 1080
384 1 642 854 373 567
384 2 761 1080 687 1080
385 1 659 871 362 556
385 2 778 1097 687 1080
386 1 678 890 345 539
386 2 793 1112 687 1080
387 1 682 894 332 526
387 2 807 1126 687 1080
388 1 685 897 332 526
388 2 807 1126 687 1080
389 1 678 890 332 526
389 2 795 1114 687 1080
390 1 670 882 334 528
390 2 785 1104 687 1080
391 1 664 876 334 528
391 2 785 1104 687 1080
392 1 668 880 340 534
392 2 785 1104 687 1080
393 1 669 881 340 534
393 2 780 1099 687 1080
394 1 672 884 335 529
394 2 780 1099 687 1080
395 1 684 896 335 529
395 2 780 1099 687 1080
396 1 688 900 340 534
396 2 776 1095 687 1080
397 1 697 909 349 543
397 2 765 1084 687 1080
398 1 707 919 355 549
398 2 765 1084 687 1080
399 1 707 919 353 547
399 2 765 1084 687 1080
400 1 703 915 354 548
400 2 765 1084 687 1080
401 1 699 911 355 549
401 2 765 1084 687 1080
402 1 694 906 355 549
402 2 765 1084 687 1080
403 1 691 903 351 545
403 2 765 1084 687 1080
404 1 692 904 341 535
404 2 765 1084 687 1080
405 1 699 911 327 521
405 2 765 1084 687 1080
406 1 705 917 320 514
406 2 765 1084 687 1080
407 1 704 916 313 507
407 2 765 1084 687 1080
408 1 703 915 309 503
408 2 765 1084 687 1080
409 1 702 914 314 508
409 2 765 1084 687 1080
410 1 702 914 317 511
410 2 765 1084 687 1080
411 1 706 918 318 512
411 2 765 1084 687 1080
412 1 705 917 325 519
412 2 765 1084 687 1080
413 1 700 912 348 542
413 2 765 1084 687 1080
414 1 687 899 364 558
414 2 765 1084 687 1080
415 1 669 881 387 581
415 2 765 1084 687 1080
416 1 669 881 387 581
416 2 765 1084 687 1080
417 1 669 881 387 581
417 2 765 1084 687 1080
418 1 669 881 387 581
418 2 765 1084 687 1080
419 1 669 881 387 581
419 2 765 1084 687 1080
420 1 669 881 387 581
420 2 765 1084 687 1080
421 1 645 857 397 591
421 2 765 1084 687 1080
422 1 645 857 397 591
422 2 765 1084 687 1080
423 1 645 857 397 591
423 2 765 1084 687 1080
424 1 645 857 397 591
424 2 765 1084 687 1080
425 1 645 857 397 591
425 2 765 1084 687 1080
426 1 645 857 397 591
426 2 765 1084 687 1080
427 1 645 857 397 591
427 2 765 1084 687 1080
428 1 645 857 397 591
428 2 765 1084 687 1080
429 1 645 857 397 591
429 2 703 1022 655 1048
430 1 645 857 397 591
430 2 688 1007 653 1046
431 1 645 857 397 591
431 2 680 999 646 1039
432 1 645 857 397 591
432 2 680 999 646 1039
433 1 645 857 397 591
433 2 680 999 646 1039
434 1 645 857 397 591
434 2 680 999 646 1039
435 1 645 857 397 591
435 2 680 999 646 1039
436 1 645 857 397 591
436 2 680 999 646 1039
437 1 645 857 397 591
437 2 680 999 646 1039
438 1 609 821 391 585
438 2 680 999 646 1039
439 1 609 821 391 585
439 2 680 999 646 1039
440 1 627 839 402 596
440 2 680 999 646 1039
441 1 627 839 402 596
441 2 680 999 646 1039
442 1 627 839 402 596
442 2 680 999 646 1039
443 1 627 839 402 596
443 2 680 999 646 1039
444 1 627 839 402 596
444 2 680 999 646 1039
445 1 627 839 402 596
445 2 680 999 646 1039
446 1 627 839 402 596
446 2 680 999 646 1039
447 1 675 887 428 622
447 2 680 999 646 1039
448 1 675 887 428 622
448 2 680 999 646 1039
449 1 675 887 428 622
449 2 661 980 536 929
450 1 675 887 428 622
450 2 651 970 557 950
451 1 675 887 428 622
451 2 642 961 572 965
452 1 675 887 428 622
452 2 635 954 585 978
453 1 675 887 428 622
453 2 631 950 600 993
454 1 675 887 428 622
454 2 630 949 615 1008
455 1 675 887 428 622
455 2 629 948 634 1027
456 1 675 887 428 622
456 2 630 949 651 1044
457 1 675 887 428 622
457 2 633 952 665 1058
458 1 694 941 438 678
458 2 625 944 687 1080
459 1 697 939 433 677
459 2 623 942 687 1080
460 1 705 933 434 672
460 2 624 943 687 1080
461 1 702 928 430 663
461 2 627 946 687 1080
462 1 689 924 424 663
462 2 626 945 687 1080
463 1 716 922 419 653
463 2 626 945 687 1080
464 1 704 922 409 644
464 2 626 945 687 1080
465 1 684 920 394 630
465 2 624 943 687 1080
466 1 711 916 387 627
466 2 614 933 687 1080
467 1 677 915 377 615
467 2 611 930 687 1080
468 1 690 912 361 602
468 2 615 934 687 1080
469 1 684 922 350 584
469 2 619 938 687 1080
470 1 695 926 342 573
470 2 622 941 687 1080
471 1 680 929 328 566
471 2 631 950 687 1080
472 1 687 932 307 545
472 2 639 958 687 1080
473 1 699 933 309 541
473 2 645 964 687 1080
474 1 712 938 307 536
474 2 650 969 687 1080
475 1 735 944 294 527
475 2 657 976 687 1080
476 1 723 949 289 521
476 2 661 980 687 1080
477 1 738 953 279 513
477 2 663 982 687 1080
478 1 752 962 272 508
478 2 668 987 687 1080
479 1 747 966 262 496
479 2 674 993 687 1080
480 1 744 975 250 491
480 2 680 999 687 1080
481 1 767 979 248 480
481 2 686 1005 687 1080
482 1 754 983 225 474
482 2 692 1011 685 1078
483 1 782 992 234 465
483 2 700 1019 676 1069
484 1 779 1002 223 453
484 2 709 1028 665 1058
485 1 791 1013 219 446
485 2 718 1037 657 1050
486 1 804 1020 214 442
486 2 724 1043 649 1042
487 1 822 1018 212 443
487 2 728 1047 638 1031
488 1 824 1026 208 434
488 2 733 1052 630 1023
489 1 809 1025 211 439
489 2 734 1053 620 1013
490 1 810 1023 210 436
490 2 736 1055 609 1002
491 1 833 1024 213 439
491 2 739 1058 599 992
492 1 834 1027 218 439
492 2 744 1063 595 988
493 1 822 1029 223 442
493 2 744 1063 583 976
494 1 824 1031 221 439
494 2 748 1067 573 966
495 1 836 1035 229 446
495 2 752 1071 569 962
496 1 828 1033 233 453
496 2 760 1079 565 958
497 1 836 1035 233 450
497 2 763 1082 559 952
498 1 832 1038 238 454
498 2 764 1083 553 946
499 1 834 1042 238 448
499 2 765 1084 544 937
500 1 852 1046 237 451
500 2 765 1084 536 929
501 1 851 1046 238 452
501 2 766 1085 529 922
502 1 853 1043 245 456
502 2 766 1085 519 912
503 1 864 1048 242 455
503 2 776 1095 516 909
504 1 862 1048 240 449
504 2 776 1095 511 904
505 1 873 1051 251 458
505 2 776 1095 511 904
506 1 877 1055 252 463
506 2 779 1098 504 897
507 1 890 1061 252 459
507 2 782 1101 497 890
508 1 897 1064 254 456
508 2 784 1103 493 886
509 1 898 1067 257 459
509 2 787 1106 488 881
510 1 892 1073 256 458
510 2 792 1111 482 875
511 1 910 1076 258 462
511 2 796 1115 481 874
512 1 910 1076 258 462
512 2 800 1119 479 872
513 1 926 1086 264 469
513 2 806 1125 474 867
514 1 925 1089 266 470
514 2 809 1128 473 866
515 1 906 1087 271 471
515 2 810 1129 474 867
516 1 908 1092 278 474
516 2 811 1130 474 867
517 1 903 1093 280 474
517 2 811 1130 469 862
518 1 916 1094 279 475
518 2 812 1131 466 859
519 1 936 1097 280 491
519 2 818 1137 469 862
520 1 933 1104 293 492
520 2 824 1143 470 863
521 1 931 1108 298 495
521 2 828 1147 471 864
522 1 926 1109 300 498
522 2 828 1147 471 864
523 1 922 1105 300 497
523 2 825 1144 470 863
524 1 916 1100 304 499
524 2 824 1143 469 862
525 1 924 1100 306 502
525 2 823 1142 472 865
526 1 927 1100 310 511
526 2 820 1139 472 865
527 1 932 1099 312 512
527 2 817 1136 471 864
528 1 933 1100 313 514
528 2 814 1133 472 865
529 1 935 1102 316 513
529 2 810 1129 470 863
530 1 940 1102 315 514
530 2 803 1122 467 860
531 1 927 1100 312 512
531 2 796 1115 463 856
532 1 940 1102 315 514
532 2 788 1107 462 855
533 1 936 1103 316 516
533 2 773 1092 439 832
534 1 930 1104 315 517
534 2 750 1069 369 762
535 1 938 1105 313 514
535 2 741 1060 365 758
536 1 948 1108 318 518
536 2 734 1053 369 762
537 1 938 1110 319 524
537 2 728 1047 371 764
538 1 932 1108 327 521
538 2 734 1053 328 721
539 1 941 1104 326 521
539 2 724 1043 325 718
540 1 941 1103 326 523
540 2 715 1034 323 716
541 1 941 1106 327 524
541 2 709 1028 321 714
542 1 942 1104 326 523
542 2 702 1021 319 712
543 1 945 1106 328 525
543 2 693 1012 318 711
544 1 954 1106 330 525
544 2 684 1003 314 707
545 1 954 1106 329 523
545 2 676 995 310 703
546 1 949 1108 331 523
546 2 670 989 311 704
547 1 951 1113 335 530
547 2 629 948 257 650
548 1 963 1119 332 530
548 2 629 948 257 650
549 1 965 1123 328 525
549 2 629 948 257 650
550 1 960 1128 330 523
550 2 629 948 257 650
551 1 974 1136 330 526
551 2 629 948 257 650
552 1 984 1143 335 532
552 2 629 948 257 650
553 1 980 1149 341 532
553 2 629 948 257 650
554 1 989 1150 348 538
554 2 629 948 257 650
555 1 992 1151 352 539
555 2 629 948 257 650
556 1 982 1152 349 539
556 2 629 948 257 650
557 1 992 1157 349 542
557 2 629 948 257 650
558 1 998 1159 352 544
558 2 629 948 257 650
559 1 1005 1162 353 544
559 2 629 948 257 650
560 1 1010 1164 354 546
560 2 629 948 257 650
561 1 1019 1166 358 548
561 2 629 948 257 650
562 1 1029 1171 363 556
562 2 629 948 257 650
563 1 1033 1174 366 558
563 2 629 948 257 650
564 1 1027 1175 366 558
564 2 629 948 257 650
565 1 1027 1176 365 559
565 2 629 948 257 650
566 1 1032 1179 364 556
566 2 629 948 257 650
567 1 1028 1177 369 559
567 2 629 948 257 650
568 1 1027 1176 373 563
568 2 629 948 257 650
569 1 1023 1176 375 564
569 2 629 948 257 650
570 1 1026 1174 382 570
570 2 629 948 257 650
571 1 1029 1171 386 582
571 2 629 948 257 650
572 1 1024 1169 391 581
572 2 629 948 257 650
573 1 1004 1165 394 583
573 2 629 948 257 650
574 1 999 1162 401 590
574 2 629 948 257 650
575 1 991 1160 405 592
575 2 629 948 257 650
576 1 997 1155 410 601
576 2 629 948 257 650
577 1 987 1152 420 611
577 2 629 948 257 650
578 1 984 1149 424 614
578 2 629 948 257 650
579 1 964 1141 432 618
579 2 629 948 257 650
580 1 968 1136 436 624
580 2 629 948 257 650
581 1 982 1132 435 626
581 2 629 948 257 650
582 1 978 1126 439 632
582 2 629 948 257 650
583 1 967 1122 447 636
583 2 629 948 257 650
584 1 966 1118 446 636
584 2 629 948 257 650
585 1 966 1115 446 637
585 2 629 948 257 650
586 1 956 1107 452 643
586 2 629 948 257 650
587 1 955 1104 455 646
587 2 629 948 257 650
588 1 952 1096 451 645
588 2 629 948 257 650
589 1 949 1092 455 648
589 2 629 948 257 650
590 1 932 1088 454 646
590 2 629 948 257 650
591 1 937 1088 456 655
591 2 629 948 257 650
592 1 930 1085 455 651
592 2 629 948 257 650
593 1 931 1084 456 652
593 2 629 948 257 650
594 1 935 1086 459 660
594 2 629 948 257 650
595 1 921 1086 462 658
595 2 629 948 257 650
596 1 931 1085 468 663
596 2 629 948 257 650
597 1 922 1085 475 669
597 2 629 948 257 650
598 1 918 1083 476 673
598 2 629 948 257 650
599 1 912 1082 476 679
599 2 629 948 257 650
600 1 906 1082 475 681
600 2 629 948 257 650
601 1 904 1081 477 684
601 2 629 948 257 650
602 1 912 1082 484 690
602 2 629 948 257 650
603 1 921 1084 488 695
603 2 629 948 257 650
604 1 923 1085 489 701
604 2 629 948 257 650
605 1 931 1088 492 707
605 2 629 948 257 650
606 1 935 1093 494 713
606 2 629 948 257 650
607 1 935 1098 498 716
607 2 629 948 257 650
608 1 935 1098 499 719
608 2 629 948 257 650
609 1 934 1098 498 721
609 2 629 948 257 650
610 1 935 1100 501 725
610 2 629 948 257 650
611 1 936 1102 504 731
611 2 629 948 257 650
612 1 938 1107 506 735
612 2 629 948 257 650
613 1 937 1107 506 735
613 2 629 948 257 650
614 1 932 1109 506 740
614 2 629 948 257 650
615 1 934 1110 507 745
615 2 629 948 257 650
616 1 934 1114 518 751
616 2 629 948 257 650
617 1 939 1115 522 756
617 2 629 948 257 650
618 1 932 1112 526 762
618 2 629 948 257 650
619 1 934 1113 531 769
619 2 629 948 257 650
620 1 933 1114 536 780
620 2 629 948 257 650
621 1 934 1114 543 788
621 2 629 948 257 650
622 1 933 1114 544 791
622 2 629 948 257 650
623 1 932 1114 548 799
623 2 629 948 257 650
624 1 931 1114 552 806
624 2 629 948 257 650
625 1 930 1114 552 809
625 2 629 948 257 650
626 1 928 1116 551 812
626 2 629 948 257 650
627 1 926 1117 549 813
627 2 629 948 257 650
628 1 918 1116 545 813
628 2 629 948 257 650
629 1 909 1118 537 813
629 2 629 948 257 650
630 1 910 1120 533 813
630 2 629 948 257 650
631 1 908 1121 527 815
631 2 629 948 257 650
632 1 901 1120 523 813
632 2 629 948 257 650
633 1 895 1123 516 812
633 2 629 948 257 650
634 1 895 1127 504 818
634 2 629 948 257 650
635 1 906 1129 492 809
635 2 629 948 257 650
636 1 911 1136 488 790
636 2 629 948 257 650
637 1 915 1149 468 784
637 2 629 948 257 650
638 1 909 1155 449 773
638 2 629 948 257 650
639 1 915 1162 431 767
639 2 629 948 257 650
640 1 914 1186 417 756
640 2 629 948 257 650
641 1 922 1223 399 744
641 2 629 948 257 650
642 1 922 1223 399 744
642 2 629 948 257 650
643 1 922 1223 399 744
643 2 629 948 257 650
644 1 922 1223 399 744
644 2 629 948 257 650
645 1 922 1223 399 744
645 2 629 948 257 650
646 1 922 1223 399 744
646 2 629 948 257 650
647 1 922 1223 399 744
647 2 629 948 257 650
648 1 922 1223 399 744
648 2 629 948 257 650
649 1 922 1223 399 744
649 2 629 948 257 650
650 1 922 1223 399 744
650 2 629 948 257 650
651 1 922 1223 399 744
651 2 629 948 257 650
652 1 922 1223 399 744
652 2 629 948 257 650
653 1 922 1223 399 744
653 2 629 948 257 650
654 1 922 1223 399 744
654 2 629 948 257 650
655 1 922 1223 399 744
655 2 629 948 257 650
656 1 922 1223 399 744
656 2 629 948 257 650
657 1 922 1223 399 744
657 2 629 948 257 650
658 1 922 1223 399 744
658 2 629 948 257 650
659 1 922 1223 399 744
659 2 629 948 257 650
660 1 922 1223 399 744
660 2 629 948 257 650
661 1 922 1223 399 744
661 2 629 948 257 650
662 1 922 1223 399 744
662 2 629 948 257 650
663 1 922 1223 399 744
663 2 629 948 257 650
664 1 922 1223 399 744
664 2 629 948 257 650
665 1 922 1223 399 744
665 2 629 948 257 650
666 1 922 1223 399 744
666 2 629 948 257 650
667 1 922 1223 399 744
667 2 629 948 257 650
668 1 922 1223 399 744
668 2 629 948 257 650
669 1 922 1223 399 744
669 2 629 948 257 650
670 1 922 1223 399 744
670 2 629 948 257 650
671 1 922 1223 399 744
671 2 629 948 257 650
672 1 922 1223 399 744
672 2 629 948 257 650
673 1 922 1223 399 744
673 2 629 948 257 650
674 1 922 1223 399 744
674 2 629 948 257 650
675 1 922 1223 399 744
675 2 629 948 257 650
676 1 922 1223 399 744
676 2 629 948 257 650
677 1 922 1223 399 744
677 2 629 948 257 650
678 1 922 1223 399 744
678 2 629 948 257 650
679 1 922 1223 399 744
679 2 629 948 257 650
680 1 922 1223 399 744
680 2 629 948 257 650
681 1 922 1223 399 744
681 2 629 948 257 650
682 1 922 1223 399 744
682 2 629 948 257 650
683 1 922 1223 399 744
683 2 629 948 257 650
684 1 922 1223 399 744
684 2 629 948 257 650
685 1 922 1223 399 744
685 2 629 948 257 650
686 1 922 1223 399 744
686 2 629 948 257 650
687 1 922 1223 399 744
687 2 629 948 257 650
688 1 922 1223 399 744
688 2 629 948 257 650
689 1 922 1223 399 744
689 2 629 948 257 650
690 1 922 1223 399 744
690 2 629 948 257 650
691 1 922 1223 399 744
691 2 629 948 257 650
692 1 922 1223 399 744
692 2 629 948 257 650
693 1 922 1223 399 744
693 2 590 909 163 556
694 1 922 1223 399 744
694 2 605 924 150 543
695 1 922 1223 399 744
695 2 620 939 139 532
696 1 922 1223 399 744
696 2 633 952 127 520
697 1 922 1223 399 744
697 2 649 968 113 506
698 1 922 1223 399 744
698 2 665 984 99 492
699 1 922 1223 399 744
699 2 677 996 79 472
700 1 922 1223 399 744
700 2 687 1006 66 459
701 1 922 1223 399 744
701 2 697 1016 51 444
702 1 922 1223 399 744
702 2 705 1024 39 432
703 1 922 1223 399 744
703 2 713 1032 29 422
704 1 922 1223 399 744
704 2 723 1042 19 412
705 1 922 1223 399 744
705 2 733 1052 9 402
706 1 922 1223 399 744
706 2 739 1058 0 393
707 1 922 1223 399 744
707 2 743 1062 0 393
708 1 922 1223 399 744
708 2 747 1066 0 393
709 1 922 1223 399 744
709 2 752 1071 0 393
710 1 922 1223 399 744
710 2 759 1078 0 393
711 1 922 1223 399 744
711 2 761 1080 0 393
712 1 922 1223 399 744
712 2 761 1080 0 393
713 1 922 1223 399 744
713 2 761 1080 0 393
714 1 922 1223 399 744
714 2 760 1079 0 393
715 1 922 1223 399 744
715 2 757 1076 0 393
716 1 922 1223 399 744
716 2 754 1073 0 393
717 1 922 1223 399 744
717 2 752 1071 0 393
718 1 922 1223 399 744
718 2 752 1071 0 393
719 1 922 1223 399 744
719 2 752 1071 0 393
720 1 922 1223 399 744
720 2 752 1071 0 393
721 1 922 1223 399 744
721 2 752 1071 0 393
722 1 922 1223 399 744
722 2 752 1071 0 393
723 1 922 1223 399 744
723 2 752 1071 0 393
724 1 922 1223 399 744
724 2 751 1070 0 393
725 1 922 1223 399 744
725 2 751 1070 0 393
726 1 922 1223 399 744
726 2 755 1074 0 393
727 1 922 1223 399 744
727 2 759 1078 0 393
728 1 922 1223 399 744
728 2 760 1079 0 393
729 1 922 1223 399 744
729 2 760 1079 0 393
730 1 922 1223 399 744
730 2 762 1081 0 393
731 1 922 1223 399 744
731 2 762 1081 0 393
732 1 922 1223 399 744
732 2 762 1081 0 393
733 1 922 1223 399 744
733 2 756 1075 0 393
734 1 922 1223 399 744
734 2 749 1068 0 393
735 1 922 1223 399 744
735 2 740 1059 0 393
736 1 922 1223 399 744
736 2 731 1050 0 393
737 1 922 1223 399 744
737 2 720 1039 0 393
738 1 922 1223 399 744
738 2 709 1028 0 393
739 1 922 1223 399 744
739 2 703 1022 0 393
740 1 922 1223 399 744
740 2 694 1013 0 393
741 1 922 1223 399 744
741 2 683 1002 0 393
742 1 922 1223 399 744
742 2 680 999 0 393
743 1 922 1223 399 744
743 2 676 995 0 393
744 1 922 1223 399 744
744 2 672 991 0 393
745 1 922 1223 399 744
745 2 672 991 0 393
746 1 922 1223 399 744
746 2 672 991 0 393
747 1 922 1223 399 744
747 2 682 1001 0 393
748 1 922 1223 399 744
748 2 692 1011 0 393
749 1 922 1223 399 744
749 2 702 1021 0 393
750 1 922 1223 399 744
750 2 712 1031 0 393
751 1 922 1223 399 744
751 2 726 1045 0 393
752 1 922 1223 399 744
752 2 748 1067 0 393
753 1 922 1223 399 744
753 2 752 1071 0 393
754 1 922 1223 399 744
754 2 759 1078 0 393
755 1 922 1223 399 744
755 2 759 1078 0 393
756 1 922 1223 399 744
756 2 761 1080 0 393
757 1 922 1223 399 744
757 2 762 1081 0 393
758 1 953 1167 384 656
758 2 762 1081 0 393
759 1 937 1152 398 660
759 2 754 1073 0 393
760 1 936 1136 402 662
760 2 753 1072 0 393
761 1 925 1128 408 668
761 2 753 1072 0 393
762 1 919 1121 415 676
762 2 753 1072 0 393
763 1 912 1112 423 680
763 2 755 1074 0 393
764 1 912 1112 423 680
764 2 755 1074 0 393
765 1 912 1112 423 680
765 2 757 1076 0 393
766 1 912 1112 423 680
766 2 759 1078 0 393
767 1 912 1112 423 680
767 2 761 1080 0 393
768 1 912 1112 423 680
768 2 765 1084 0 393
769 1 912 1112 423 680
769 2 769 1088 0 393
770 1 912 1112 423 680
770 2 772 1091 0 393
771 1 912 1112 423 680
771 2 776 1095 0 393
772 1 912 1112 423 680
772 2 778 1097 0 393
773 1 912 1112 423 680
773 2 778 1097 0 393
774 1 912 1112 423 680
774 2 778 1097 0 393
775 1 912 1112 423 680
775 2 779 1098 0 393
776 1 912 1112 423 680
776 2 780 1099 0 393
777 1 912 1112 423 680
777 2 780 1099 0 393
778 1 912 1112 423 680
778 2 766 1085 0 393
779 1 912 1112 423 680
779 2 739 1058 0 393
780 1 912 1112 423 680
780 2 739 1058 0 393
781 1 912 1112 423 680
781 2 740 1059 9 402
782 1 912 1112 423 680
782 2 741 1060 17 410
783 1 912 1112 423 680
783 2 744 1063 19 412
784 1 912 1112 423 680
784 2 752 1071 21 414
785 1 912 1112 423 680
785 2 764 1083 23 416
786 1 912 1112 423 680
786 2 774 1093 22 415
787 1 912 1112 423 680
787 2 781 1100 23 416
788 1 912 1112 423 680
788 2 793 1112 25 418
789 1 912 1112 423 680
789 2 804 1123 24 417
790 1 912 1112 423 680
790 2 814 1133 22 415
791 1 912 1112 423 680
791 2 825 1144 22 415
792 1 912 1112 423 680
792 2 833 1152 22 415
793 1 912 1112 423 680
793 2 837 1156 21 414
794 1 912 1112 423 680
794 2 843 1162 19 412
795 1 912 1112 423 680
795 2 846 1165 18 411
796 1 912 1112 423 680
796 2 847 1166 16 409
797 1 912 1112 423 680
797 2 850 1169 14 407
798 1 912 1112 423 680
798 2 854 1173 13 406
799 1 912 1112 423 680
799 2 856 1175 11 404
800 1 912 1112 423 680
800 2 858 1177 9 402
801 1 912 1112 423 680
801 2 859 1178 9 402
802 1 912 1112 423 680
802 2 859 1178 9 402
803 1 912 1112 423 680
803 2 859 1178 9 402
804 1 912 1112 423 680
804 2 859 1178 9 402
805 1 912 1112 423 680
805 2 859 1178 9 402
806 1 912 1112 423 680
806 2 859 1178 9 402
807 1 912 1112 423 680
807 2 860 1179 9 402
808 1 912 1112 423 680
808 2 862 1181 7 400
809 1 912 1112 423 680
809 2 862 1181 5 398
810 1 912 1112 423 680
810 2 862 1181 4 397
811 1 912 1112 423 680
811 2 862 1181 4 397
812 1 912 1112 423 680
812 2 862 1181 3 396
813 1 912 1112 423 680
813 2 861 1180 2 395
814 1 912 1112 423 680
814 2 860 1179 1 394
815 1 912 1112 423 680
815 2 860 1179 0 393
816 1 912 1112 423 680
816 2 860 1179 0 393
817 1 912 1112 423 680
817 2 857 1176 0 393
818 1 912 1112 423 680
818 2 853 1172 1 394
819 1 912 1112 423 680
819 2 850 1169 1 394
820 1 912 1112 423 680
820 2 849 1168 0 393
821 1 912 1112 423 680
821 2 846 1165 0 393
822 1 912 1112 423 680
822 2 845 1164 0 393
823 1 912 1112 423 680
823 2 843 1162 0 393
824 1 912 1112 423 680
824 2 839 1158 1 394
825 1 912 1112 423 680
825 2 835 1154 5 398
826 1 912 1112 423 680
826 2 831 1150 6 399
827 1 912 1112 423 680
827 2 828 1147 11 404
828 1 912 1112 423 680
828 2 826 1145 13 406
829 1 912 1112 423 680
829 2 826 1145 13 406
830 1 912 1112 423 680
830 2 825 1144 14 407
831 1 912 1112 423 680
831 2 824 1143 15 408
832 1 912 1112 423 680
832 2 824 1143 15 408
833 1 912 1112 423 680
833 2 824 1143 16 409
834 1 912 1112 423 680
834 2 822 1141 18 411
835 1 912 1112 423 680
835 2 820 1139 18 411
836 1 912 1112 423 680
836 2 818 1137 19 412
837 1 912 1112 423 680
837 2 814 1133 19 412
838 1 912 1112 423 680
838 2 811 1130 18 411
839 1 912 1112 423 680
839 2 809 1128 15 408
840 1 912 1112 423 680
840 2 807 1126 13 406
841 1 912 1112 423 680
841 2 802 1121 11 404
842 1 912 1112 423 680
842 2 798 1117 11 404
843 1 912 1112 423 680
843 2 796 1115 10 403
844 1 912 1112 423 680
844 2 794 1113 9 402
845 1 912 1112 423 680
845 2 791 1110 7 400
846 1 912 1112 423 680
846 2 788 1107 6 399
847 1 912 1112 423 680
847 2 787 1106 6 399
848 1 912 1112 423 680
848 2 784 1103 6 399
849 1 912 1112 423 680
849 2 780 1099 6 399
850 1 912 1112 423 680
850 2 777 1096 6 399
851 1 912 1112 423 680
851 2 773 1092 6 399
852 1 912 1112 423 680
852 2 769 1088 6 399
853 1 912 1112 423 680
853 2 767 1086 5 398
854 1 912 1112 423 680
854 2 766 1085 5 398
855 1 912 1112 423 680
855 2 766 1085 3 396
856 1 912 1112 423 680
856 2 763 1082 2 395
857 1 912 1112 423 680
857 2 763 1082 0 393
858 1 912 1112 423 680
858 2 763 1082 0 393
859 1 912 1112 423 680
859 2 753 1072 0 393
860 1 912 1112 423 680
860 2 736 1055 0 393
861 1 912 1112 423 680
861 2 726 1045 0 393
862 1 912 1112 423 680
862 2 726 1045 0 393
863 1 912 1112 423 680
863 2 729 1048 5 398
864 1 912 1112 423 680
864 2 729 1048 6 399
865 1 912 1112 423 680
865 2 723 1042 17 410
866 1 912 1112 423 680
866 2 714 1033 24 417
867 1 912 1112 423 680
867 2 712 1031 30 423
868 1 912 1112 423 680
868 2 713 1032 43 436
869 1 912 1112 423 680
869 2 713 1032 52 445
870 1 912 1112 423 680
870 2 715 1034 52 445
871 1 912 1112 423 680
871 2 721 1040 54 447
872 1 912 1112 423 680
872 2 723 1042 55 448
873 1 912 1112 423 680
873 2 723 1042 51 444
874 1 912 1112 423 680
874 2 721 1040 40 433
875 1 912 1112 423 680
875 2 718 1037 29 422
876 1 912 1112 423 680
876 2 714 1033 18 411
877 1 912 1112 423 680
877 2 709 1028 5 398
878 1 912 1112 423 680
878 2 709 1028 0 393
879 1 912 1112 423 680
879 2 709 1028 0 393
880 1 912 1112 423 680
880 2 709 1028 0 393
881 1 912 1112 423 680
881 2 708 1027 0 393
882 1 912 1112 423 680
882 2 705 1024 0 393
883 1 912 1112 423 680
883 2 705 1024 0 393
884 1 912 1112 423 680
884 2 700 1019 0 393
885 1 912 1112 423 680
885 2 698 1017 0 393
886 1 912 1112 423 680
886 2 698 1017 0 393
887 1 912 1112 423 680
887 2 698 1017 0 393
888 1 912 1112 423 680
888 2 698 1017 0 393
889 1 912 1112 423 680
889 2 694 1013 0 393
890 1 912 1112 423 680
890 2 689 1008 0 393
891 1 912 1112 423 680
891 2 686 1005 0 393
892 1 912 1112 423 680
892 2 681 1000 0 393
893 1 912 1112 423 680
893 2 679 998 0 393
894 1 912 1112 423 680
894 2 679 998 0 393
895 1 912 1112 423 680
895 2 679 998 0 393
896 1 912 1112 423 680
896 2 679 998 0 393
897 1 912 1112 423 680
897 2 679 998 0 393
898 1 912 1112 423 680
898 2 674 993 0 393
899 1 912 1112 423 680
899 2 666 985 0 393
900 1 912 1112 423 680
900 2 661 980 0 393
901 1 912 1112 423 680
901 2 652 971 0 393
902 1 912 1112 423 680
902 2 642 961 0 393
903 1 912 1112 423 680
903 2 636 955 0 393
904 1 912 1112 423 680
904 2 628 947 0 393
905 1 912 1112 423 680
905 2 622 941 0 393
906 1 912 1112 423 680
906 2 616 935 0 393
907 1 912 1112 423 680
907 2 606 925 0 393
908 1 912 1112 423 680
908 2 595 914 0 393
909 1 912 1112 423 680
909 2 586 905 0 393
910 1 912 1112 423 680
910 2 572 891 0 393
911 1 912 1112 423 680
911 2 557 876 0 393
912 1 938 1063 436 641
912 2 543 862 0 393
913 1 925 1054 443 643
913 2 533 852 0 393
914 1 925 1054 443 643
914 2 526 845 0 393
915 1 913 1041 444 644
915 2 521 840 0 393
916 1 908 1035 447 650
916 2 515 834 0 393
917 1 905 1033 446 653
917 2 513 832 0 393
918 1 899 1032 444 652
918 2 508 827 0 393
919 1 903 1033 442 642
919 2 508 827 0 393
920 1 894 1031 439 644
920 2 508 827 0 393
921 1 896 1031 438 643
921 2 508 827 0 393
922 1 906 1037 442 648
922 2 508 827 0 393
923 1 908 1040 442 649
923 2 508 827 0 393
924 1 909 1045 443 649
924 2 511 830 0 393
925 1 915 1047 447 652
925 2 511 830 0 393
926 1 916 1044 449 655
926 2 511 830 0 393
927 1 913 1043 452 660
927 2 509 828 0 393
928 1 913 1043 452 660
928 2 506 825 0 393
929 1 913 1043 452 660
929 2 505 824 0 393
930 1 912 1039 453 664
930 2 505 824 0 393
931 1 915 1042 452 664
931 2 505 824 0 393
932 1 925 1049 460 658
932 2 507 826 0 393
933 1 925 1051 460 660
933 2 508 827 0 393
934 1 923 1051 453 662
934 2 508 827 0 393
935 1 924 1049 458 660
935 2 508 827 0 393
936 1 919 1046 447 657
936 2 507 826 0 393
937 1 917 1044 447 656
937 2 501 820 0 393
938 1 914 1045 448 654
938 2 494 813 0 393
939 1 918 1043 446 649
939 2 486 805 0 393
940 1 919 1049 449 656
940 2 472 791 0 393
941 1 916 1052 450 657
941 2 462 781 0 393
942 1 914 1054 450 659
942 2 456 775 0 393
943 1 914 1054 450 659
943 2 456 775 0 393
944 1 906 1057 448 660
944 2 463 782 0 393
945 1 895 1061 450 661
945 2 474 793 0 393
946 1 903 1067 450 662
946 2 502 821 0 393
947 1 913 1073 449 662
947 2 523 842 0 393
948 1 917 1075 446 661
948 2 536 855 0 393
949 1 923 1080 446 662
949 2 553 872 0 393
950 1 931 1084 444 659
950 2 571 890 0 393
951 1 943 1094 439 660
951 2 582 901 0 393
952 1 946 1106 440 658
952 2 590 909 0 393
953 1 953 1111 439 655
953 2 600 919 0 393
954 1 957 1118 439 658
954 2 605 924 0 393
955 1 968 1122 443 665
955 2 608 927 0 393
956 1 975 1129 443 663
956 2 614 933 0 393
957 1 977 1132 447 663
957 2 617 936 0 393
958 1 982 1136 449 660
958 2 618 937 0 393
959 1 987 1144 450 663
959 2 620 939 0 393
960 1 990 1151 443 665
960 2 624 943 0 393
961 1 992 1154 438 663
961 2 647 966 0 393
962 1 997 1158 438 662
962 2 663 982 0 393
963 1 1002 1162 447 662
963 2 663 982 0 393
964 1 1003 1162 445 661
964 2 658 977 0 393
965 1 1004 1166 440 660
965 2 653 972 0 393
966 1 1005 1167 441 660
966 2 653 972 0 393
967 1 1004 1166 438 659
967 2 653 972 0 393
968 1 1003 1164 436 654
968 2 653 972 0 393
969 1 1001 1163 434 652
969 2 653 972 0 393
970 1 1001 1163 434 653
970 2 653 972 0 393
971 1 999 1160 432 649
971 2 651 970 0 393
972 1 1000 1161 431 647
972 2 651 970 0 393
973 1 1001 1162 430 646
973 2 651 970 0 393
974 1 1000 1161 422 643
974 2 650 969 0 393
975 1 1001 1164 422 645
975 2 650 969 0 393
976 1 1003 1167 427 646
976 2 650 969 0 393
977 1 1004 1166 423 643
977 2 650 969 0 393
978 1 1006 1170 417 640
978 2 650 969 0 393
979 1 1009 1174 418 643
979 2 650 969 0 393
980 1 1012 1175 416 639
980 2 650 969 0 393
981 1 1016 1180 412 636
981 2 650 969 0 393
982 1 1016 1185 410 638
982 2 652 971 0 393
983 1 1021 1186 409 635
983 2 653 972 0 393
984 1 1019 1185 407 635
984 2 654 973 0 393
985 1 1022 1189 406 634
985 2 654 973 0 393
986 1 1027 1192 406 630
986 2 656 975 0 393
987 1 1029 1195 406 629
987 2 657 976 0 393
988 1 1029 1196 406 630
988 2 658 977 0 393
989 1 1029 1196 406 630
989 2 658 977 0 393
990 1 1028 1195 403 630
990 2 658 977 0 393
991 1 1027 1193 406 631
991 2 658 977 0 393
992 1 1026 1193 407 632
992 2 658 977 0 393
993 1 1026 1192 404 631
993 2 658 977 0 393
994 1 1019 1192 405 635
994 2 658 977 0 393
995 1 1020 1184 407 638
995 2 658 977 0 393
996 1 1017 1186 407 635
996 2 657 976 0 393
997 1 1013 1183 404 635
997 2 655 974 0 393
998 1 1010 1178 410 638
998 2 654 973 0 393
999 1 1008 1178 410 638
999 2 653 972 0 393
1000 1 1006 1174 410 638
1000 2 652 971 0 393
1001 1 1003 1172 412 640
1001 2 649 968 0 393
1002 1 1002 1170 415 646
1002 2 647 966 0 393
1003 1 1000 1167 417 649
1003 2 643 962 0 393
1004 1 1000 1167 417 648
1004 2 641 960 0 393
1005 1 1003 1171 414 644
1005 2 641 960 0 393
1006 1 1005 1172 412 640
1006 2 642 961 0 393
1007 1 1005 1172 409 636
1007 2 642 961 0 393
1008 1 1003 1170 412 639
1008 2 642 961 0 393
1009 1 1001 1171 407 636
1009 2 642 961 0 393
1010 1 998 1167 405 636
1010 2 641 960 0 393
1011 1 994 1163 403 635
1011 2 637 956 0 393
