1 1 830 1112 474 755
1 2 1194 1479 433 700
2 1 826 1105 466 746
2 2 1185 1472 421 694
3 1 816 1105 468 742
3 2 1182 1468 420 694
4 1 817 1104 467 740
4 2 1182 1467 417 691
5 1 818 1105 466 740
5 2 1189 1471 414 701
6 1 817 1105 464 743
6 2 1183 1469 418 695
7 1 820 1105 463 750
7 2 1182 1468 420 697
8 1 817 1107 469 753
8 2 1182 1468 422 699
9 1 815 1106 475 758
9 2 1190 1466 434 711
10 1 815 1105 473 758
10 2 1182 1466 432 708
11 1 814 1104 472 757
11 2 1181 1464 432 708
12 1 814 1103 474 761
12 2 1184 1463 431 709
13 1 812 1101 475 761
13 2 1176 1459 434 705
14 1 811 1098 475 763
14 2 1183 1460 429 709
15 1 813 1098 486 766
15 2 1176 1458 441 708
16 1 812 1100 479 764
16 2 1176 1459 441 704
17 1 812 1101 475 763
17 2 1182 1458 427 708
18 1 817 1102 495 767
18 2 1187 1462 442 712
19 1 819 1101 495 781
19 2 1180 1464 450 719
20 1 814 1097 504 782
20 2 1175 1459 456 727
21 1 812 1089 494 783
21 2 1169 1451 457 727
22 1 801 1086 500 785
22 2 1163 1446 457 727
23 1 798 1083 500 783
23 2 1160 1443 457 728
24 1 801 1081 500 783
24 2 1158 1442 457 728
25 1 793 1080 498 784
25 2 1156 1440 458 728
26 1 795 1074 496 774
26 2 1157 1439 459 713
27 1 791 1071 488 772
27 2 1155 1435 445 718
28 1 788 1069 492 770
28 2 1155 1435 445 716
29 1 784 1069 490 762
29 2 1149 1431 432 711
30 1 781 1069 472 761
30 2 1145 1431 431 704
31 1 780 1069 471 762
31 2 1159 1431 428 712
32 1 776 1069 471 764
32 2 1158 1429 426 714
33 1 772 1067 473 764
33 2 1146 1428 421 705
34 1 768 1066 469 767
34 2 1155 1433 422 705
35 1 768 1065 471 770
35 2 1146 1426 425 707
36 1 764 1063 470 771
36 2 1145 1424 427 707
37 1 749 1056 473 769
37 2 1134 1420 418 704
38 1 750 1052 461 771
38 2 1128 1414 416 705
39 1 743 1045 465 774
39 2 1129 1421 417 706
40 1 735 1040 470 776
40 2 1115 1408 420 708
41 1 730 1035 463 774
41 2 1115 1402 412 704
42 1 725 1031 463 776
42 2 1113 1387 408 707
43 1 721 1027 459 775
43 2 1113 1403 411 703
44 1 721 1028 459 777
44 2 1125 1426 409 701
45 1 720 1029 464 775
45 2 1118 1438 413 705
46 1 702 1028 462 775
46 2 1123 1434 410 704
47 1 710 1022 456 771
47 2 1127 1440 410 700
48 1 709 1019 451 769
48 2 1126 1445 407 705
49 1 707 1015 447 762
49 2 1137 1443 405 706
50 1 703 1016 451 765
50 2 1141 1444 403 706
51 1 696 1013 450 757
51 2 1139 1447 398 705
52 1 683 1004 449 757
52 2 1138 1453 388 706
53 1 681 996 444 759
53 2 1141 1446 387 702
54 1 680 991 442 760
54 2 1138 1443 381 692
55 1 674 985 439 756
55 2 1133 1465 376 687
56 1 673 988 437 743
56 2 1136 1451 365 666
57 1 672 987 438 744
57 2 1145 1474 354 659
58 1 671 987 437 742
58 2 1142 1464 343 649
59 1 667 985 440 744
59 2 1143 1477 334 651
60 1 663 981 445 744
60 2 1153 1437 327 629
61 1 662 969 433 754
61 2 1153 1452 310 628
62 1 655 969 447 751
62 2 1141 1457 310 619
63 1 652 960 451 752
63 2 1149 1457 306 620
64 1 653 955 452 758
64 2 1141 1470 306 615
65 1 652 954 455 765
65 2 1151 1462 306 615
66 1 647 951 473 773
66 2 1147 1456 313 615
67 1 648 948 476 781
67 2 1152 1448 317 616
68 1 642 942 482 793
68 2 1149 1442 317 619
69 1 636 933 492 796
69 2 1146 1428 326 623
70 1 633 925 501 802
70 2 1145 1436 328 630
71 1 626 924 514 816
71 2 1141 1436 341 642
72 1 626 917 517 818
72 2 1140 1447 347 648
73 1 629 918 524 821
73 2 1143 1443 358 656
74 1 627 914 525 819
74 2 1148 1454 362 658
75 1 625 915 515 810
75 2 1140 1469 358 655
76 1 627 915 510 805
76 2 1149 1465 359 657
77 1 628 915 508 801
77 2 1150 1461 358 654
78 1 630 914 507 800
78 2 1149 1467 358 652
79 1 630 914 509 801
79 2 1147 1477 362 653
80 1 626 910 506 798
80 2 1150 1480 363 649
81 1 623 905 503 792
81 2 1149 1467 361 646
82 1 624 902 496 784
82 2 1139 1455 356 639
83 1 626 902 493 780
83 2 1137 1450 356 636
84 1 633 907 493 769
84 2 1145 1431 352 631
85 1 639 912 485 762
85 2 1140 1430 342 623
86 1 651 916 483 762
86 2 1130 1426 342 616
87 1 655 926 475 758
87 2 1121 1420 334 611
88 1 658 927 471 753
88 2 1104 1429 323 605
89 1 655 925 470 752
89 2 1098 1416 316 600
90 1 651 919 478 749
90 2 1072 1401 317 604
91 1 655 913 473 745
91 2 1071 1391 318 613
92 1 645 908 471 751
92 2 1037 1358 322 620
93 1 626 897 467 749
93 2 1031 1338 342 643
94 1 619 885 465 750
94 2 1007 1295 354 658
95 1 606 875 474 751
95 2 987 1264 371 670
96 1 594 859 480 743
96 2 971 1248 383 688
97 1 589 853 465 742
97 2 951 1206 386 715
98 1 589 846 487 753
98 2 955 1206 400 736
99 1 585 842 494 751
99 2 932 1198 417 761
100 1 584 836 472 736
100 2 940 1200 426 771
101 1 585 841 472 735
101 2 929 1210 425 785
102 1 590 843 473 729
102 2 927 1263 430 800
103 1 596 844 462 717
103 2 933 1276 431 801
104 1 598 846 465 708
104 2 944 1246 434 801
105 1 603 847 457 702
105 2 946 1245 445 820
106 1 610 848 453 694
106 2 957 1280 436 825
107 1 610 851 450 688
107 2 955 1325 449 849
108 1 616 848 449 685
108 2 963 1363 474 884
109 1 617 849 449 681
109 2 970 1362 494 892
110 1 620 853 446 675
110 2 976 1363 501 899
111 1 616 850 438 674
111 2 980 1387 501 902
112 1 622 853 439 669
112 2 985 1321 504 912
113 1 627 854 440 667
113 2 986 1308 517 925
114 1 632 859 441 665
114 2 985 1313 529 940
115 1 641 866 440 664
115 2 993 1374 543 949
116 1 646 870 435 657
116 2 1003 1394 545 953
117 1 647 866 432 653
117 2 1009 1382 547 957
118 1 643 859 422 638
118 2 1015 1419 546 955
119 1 633 853 407 629
119 2 1025 1415 547 958
120 1 625 841 405 619
120 2 1032 1412 543 961
121 1 613 830 394 609
121 2 1042 1412 545 966
122 1 604 832 387 603
122 2 1046 1433 553 973
123 1 592 830 375 591
123 2 1043 1411 540 971
124 1 588 799 363 577
124 2 1062 1441 555 981
125 1 588 799 363 577
125 2 1058 1420 549 991
126 1 575 786 362 572
126 2 1060 1414 560 993
127 1 569 798 362 575
127 2 1059 1396 572 1004
128 1 564 796 366 580
128 2 1057 1430 603 1014
129 1 561 773 366 561
129 2 1047 1418 607 1009
130 1 561 773 366 561
130 2 1031 1403 602 1000
131 1 561 773 366 561
131 2 1019 1389 598 991
132 1 561 773 366 561
132 2 1015 1351 588 980
133 1 561 773 366 561
133 2 996 1305 566 959
134 1 561 773 366 561
134 2 999 1298 557 941
135 1 561 773 366 561
135 2 997 1300 544 925
136 1 561 773 366 561
136 2 999 1286 515 903
137 1 561 773 366 561
137 2 992 1274 503 880
138 1 561 773 366 561
138 2 990 1275 481 859
139 1 561 773 366 561
139 2 997 1273 466 845
140 1 561 773 366 561
140 2 993 1268 458 816
141 1 561 773 366 561
141 2 1010 1300 441 807
142 1 561 773 366 561
142 2 1026 1395 432 793
143 1 561 773 366 561
143 2 1046 1388 432 800
144 1 561 773 366 561
144 2 1064 1372 420 796
145 1 561 773 366 561
145 2 1070 1393 435 802
146 1 561 773 366 561
146 2 1087 1423 432 806
147 1 561 773 366 561
147 2 1079 1377 440 818
148 1 602 726 306 496
148 2 1075 1394 450 829
149 1 585 724 303 494
149 2 1072 1406 453 832
150 1 580 732 300 495
150 2 1073 1398 460 839
151 1 574 740 286 488
151 2 1082 1403 454 843
152 1 575 737 272 480
152 2 1088 1457 459 848
153 1 571 746 274 480
153 2 1100 1476 464 854
154 1 564 746 276 481
154 2 1112 1458 456 854
155 1 541 728 270 483
155 2 1100 1459 461 856
156 1 524 735 263 478
156 2 1104 1469 446 853
157 1 510 742 250 477
157 2 1117 1510 436 846
158 1 502 752 243 482
158 2 1128 1542 416 844
159 1 490 736 245 483
159 2 1136 1543 412 842
160 1 478 727 247 489
160 2 1153 1575 397 845
161 1 460 733 243 520
161 2 1153 1554 405 850
162 1 450 715 266 535
162 2 1160 1542 395 844
163 1 442 725 266 546
163 2 1168 1566 383 849
164 1 433 668 271 573
164 2 1168 1569 390 841
165 1 422 662 285 586
165 2 1162 1562 377 838
166 1 400 653 293 599
166 2 1164 1550 367 838
167 1 375 642 296 627
167 2 1162 1593 373 835
168 1 339 604 307 628
168 2 1155 1573 374 833
169 1 307 614 313 657
169 2 1145 1546 365 825
170 1 249 592 321 674
170 2 1135 1538 350 821
171 1 243 579 332 700
171 2 1123 1535 348 817
172 1 236 563 340 705
172 2 1103 1535 340 809
173 1 235 541 346 737
173 2 1112 1509 334 795
174 1 224 564 361 784
174 2 1114 1527 332 794
175 1 213 571 380 809
175 2 1099 1519 327 782
176 1 225 594 388 818
176 2 1096 1538 320 772
177 1 247 617 397 834
177 2 1098 1528 311 765
178 1 262 641 397 846
178 2 1097 1521 305 758
179 1 303 683 414 862
179 2 1108 1509 297 745
180 1 303 683 414 862
180 2 1117 1494 293 741
181 1 303 683 414 862
181 2 1127 1498 288 721
182 1 303 683 414 862
182 2 1147 1492 272 718
183 1 387 890 362 861
183 2 1151 1499 267 702
184 1 427 930 373 853
184 2 1163 1513 261 683
185 1 503 972 348 850
185 2 1184 1543 262 665
186 1 558 1004 381 848
186 2 1201 1545 252 645
187 1 630 1035 388 863
187 2 1211 1554 260 646
188 1 662 1065 391 899
188 2 1222 1564 250 635
189 1 687 1092 391 921
189 2 1234 1557 244 616
190 1 695 1113 385 906
190 2 1234 1557 244 616
191 1 736 1126 375 888
191 2 1234 1557 244 616
192 1 745 1142 366 842
192 2 1234 1557 244 616
193 1 751 1140 365 838
193 2 1234 1557 244 616
194 1 745 1128 371 806
194 2 1234 1557 244 616
195 1 739 1119 369 805
195 2 1234 1557 244 616
196 1 733 1097 374 803
196 2 1234 1557 244 616
197 1 675 1071 352 773
197 2 1234 1557 244 616
198 1 693 1049 348 761
198 2 1234 1557 244 616
199 1 665 1012 344 759
199 2 1234 1557 244 616
200 1 651 1005 346 755
200 2 1234 1557 244 616
201 1 650 991 350 759
201 2 1234 1557 244 616
202 1 637 984 360 757
202 2 1234 1557 244 616
203 1 627 976 353 760
203 2 1234 1557 244 616
204 1 639 975 357 746
204 2 1234 1557 244 616
205 1 626 972 362 752
205 2 1234 1557 244 616
206 1 635 990 372 756
206 2 1234 1557 244 616
207 1 667 1022 370 761
207 2 1234 1557 244 616
208 1 667 1022 370 761
208 2 1234 1557 244 616
209 1 667 1022 370 761
209 2 1234 1557 244 616
210 1 667 1022 370 761
210 2 1234 1557 244 616
211 1 667 1022 370 761
211 2 1234 1557 244 616
212 1 667 1022 370 761
212 2 1234 1557 244 616
213 1 667 1022 370 761
213 2 1234 1557 244 616
214 1 667 1022 370 761
214 2 1234 1557 244 616
215 1 865 1274 369 777
215 2 1234 1557 244 616
216 1 877 1305 369 781
216 2 1234 1557 244 616
217 1 879 1303 368 773
217 2 1234 1557 244 616
218 1 883 1305 364 776
218 2 1234 1557 244 616
219 1 913 1321 368 790
219 2 1234 1557 244 616
220 1 896 1321 371 796
220 2 1234 1557 244 616
221 1 887 1311 351 781
221 2 1159 1484 158 514
222 1 847 1307 334 774
222 2 1159 1484 158 514
223 1 822 1292 331 767
223 2 1159 1484 158 514
224 1 822 1292 331 767
224 2 1159 1484 158 514
225 1 809 1244 334 787
225 2 1159 1484 158 514
226 1 809 1244 334 787
226 2 1159 1484 158 514
227 1 809 1244 334 787
227 2 1159 1484 158 514
228 1 809 1244 334 787
228 2 1159 1484 158 514
229 1 719 1132 327 784
229 2 1159 1484 158 514
230 1 653 1104 314 781
230 2 1159 1484 158 514
231 1 609 1068 307 769
231 2 1159 1484 158 514
232 1 609 1063 306 774
232 2 1159 1484 158 514
233 1 641 1056 272 762
233 2 1159 1484 158 514
234 1 581 1047 278 737
234 2 1159 1484 158 514
235 1 555 1026 257 721
235 2 1159 1484 158 514
236 1 533 1030 249 698
236 2 1159 1484 158 514
237 1 557 1023 235 688
237 2 1159 1484 158 514
238 1 574 1041 219 675
238 2 1159 1484 158 514
239 1 574 1041 219 675
239 2 1159 1484 158 514
240 1 574 1041 219 675
240 2 1159 1484 158 514
241 1 574 1041 219 675
241 2 1159 1484 158 514
242 1 574 1041 219 675
242 2 1159 1484 158 514
243 1 574 1041 219 675
243 2 1159 1484 158 514
244 1 574 1041 219 675
244 2 1159 1484 158 514
245 1 574 1041 219 675
245 2 1159 1484 158 514
246 1 574 1041 219 675
246 2 1159 1484 158 514
247 1 757 1230 118 649
247 2 1159 1484 158 514
248 1 757 1230 118 649
248 2 1159 1484 158 514
249 1 757 1230 118 649
249 2 1159 1484 158 514
250 1 757 1230 118 649
250 2 1159 1484 158 514
251 1 757 1230 118 649
251 2 1159 1484 158 514
252 1 832 1240 23 393
252 2 1159 1484 158 514
253 1 829 1233 27 390
253 2 1159 1484 158 514
254 1 839 1222 29 381
254 2 764 1031 440 790
255 1 902 1222 24 389
255 2 764 1031 440 790
256 1 871 1221 42 395
256 2 705 981 514 849
257 1 813 1198 43 396
257 2 705 981 514 849
258 1 831 1182 28 390
258 2 640 950 531 881
259 1 787 1155 46 388
259 2 632 917 546 901
260 1 803 1145 40 390
260 2 620 913 558 932
261 1 797 1143 40 402
261 2 622 918 586 965
262 1 803 1137 59 401
262 2 611 927 603 982
263 1 809 1133 67 416
263 2 614 934 606 991
264 1 830 1138 93 421
264 2 621 939 620 1008
265 1 832 1141 102 436
265 2 613 940 629 1019
266 1 826 1137 98 439
266 2 608 947 625 1017
267 1 820 1134 91 422
267 2 631 960 618 1005
268 1 841 1153 91 422
268 2 634 977 610 1013
269 1 841 1153 91 422
269 2 647 996 604 990
270 1 841 1153 91 422
270 2 661 1018 591 979
271 1 841 1153 91 422
271 2 702 1048 581 980
272 1 841 1153 91 422
272 2 730 1081 587 988
273 1 841 1153 91 422
273 2 765 1112 591 989
274 1 841 1153 91 422
274 2 791 1120 565 971
275 1 1013 1322 26 363
275 2 780 1121 555 950
276 1 1017 1323 13 358
276 2 776 1121 552 950
277 1 1019 1328 9 355
277 2 768 1119 552 947
278 1 1016 1329 11 353
278 2 780 1119 550 943
279 1 1048 1340 6 348
279 2 789 1123 545 941
280 1 1040 1349 14 344
280 2 799 1126 542 940
281 1 1053 1369 15 345
281 2 811 1128 540 937
282 1 1096 1382 21 347
282 2 818 1123 541 938
283 1 1088 1389 24 353
283 2 802 1109 547 937
284 1 1095 1374 25 357
284 2 782 1092 540 930
285 1 1058 1357 41 363
285 2 749 1072 544 939
286 1 1058 1357 41 363
286 2 725 1032 548 933
287 1 1058 1357 41 363
287 2 690 1009 545 939
288 1 1058 1357 41 363
288 2 690 1009 545 939
289 1 1058 1357 41 363
289 2 690 1009 545 939
290 1 1786 1876 325 436
290 2 690 1009 545 939
291 1 1786 1876 325 436
291 2 690 1009 545 939
292 1 1715 1819 248 454
292 2 690 1009 545 939
293 1 1693 1786 353 465
293 2 690 1009 545 939
294 1 1667 1757 353 466
294 2 1781 1892 311 425
295 1 1646 1734 360 471
295 2 1759 1858 318 431
296 1 1620 1714 363 475
296 2 1739 1840 319 435
297 1 1604 1704 365 473
297 2 1725 1825 316 435
298 1 1596 1696 358 467
298 2 1723 1841 315 427
299 1 1594 1694 350 466
299 2 1721 1838 311 427
300 1 1598 1698 350 467
300 2 1725 1842 311 428
301 1 1599 1699 350 468
301 2 1726 1843 310 429
302 1 1589 1687 354 467
302 2 1718 1823 310 427
303 1 1573 1671 347 464
303 2 1700 1802 306 426
304 1 1555 1654 351 465
304 2 1684 1793 309 426
305 1 1536 1634 340 450
305 2 1668 1766 300 414
306 1 1533 1630 324 434
306 2 1667 1759 283 395
307 1 1536 1632 315 427
307 2 1671 1783 266 389
308 1 1535 1629 308 425
308 2 1669 1794 265 382
309 1 1521 1613 308 423
309 2 1655 1759 260 382
310 1 1501 1596 310 427
310 2 1639 1749 263 385
311 1 1489 1580 320 435
311 2 1629 1742 272 395
312 1 1478 1571 330 445
312 2 1622 1723 279 407
313 1 1474 1568 332 448
313 2 1616 1742 284 407
314 1 1480 1572 344 458
314 2 1510 1643 205 344
315 1 1485 1575 341 465
315 2 1629 1754 298 422
316 1 1481 1575 344 466
316 2 1630 1756 300 426
317 1 1476 1561 367 482
317 2 1618 1749 319 442
318 1 1458 1547 359 480
318 2 1603 1726 316 442
319 1 1452 1539 349 473
319 2 1603 1730 306 436
320 1 1447 1536 352 477
320 2 1600 1730 311 442
321 1 1441 1528 355 481
321 2 1596 1724 313 445
322 1 1432 1523 355 481
322 2 1593 1721 314 445
323 1 1432 1522 356 481
323 2 1594 1723 314 446
324 1 1433 1524 354 479
324 2 1598 1723 310 443
325 1 1435 1525 357 482
325 2 1604 1731 310 447
326 1 1437 1526 361 488
326 2 1606 1736 318 452
327 1 1432 1522 363 490
327 2 1606 1738 320 455
328 1 1441 1528 363 491
328 2 1620 1738 319 457
329 1 1454 1545 375 500
329 2 1639 1744 318 462
330 1 1461 1554 384 511
330 2 1648 1770 341 474
331 1 1470 1563 388 520
331 2 1661 1794 342 480
332 1 1472 1565 392 523
332 2 1660 1798 341 485
333 1 1465 1556 396 529
333 2 1659 1797 346 491
334 1 1452 1541 398 527
334 2 1646 1778 352 488
335 1 1429 1516 396 527
335 2 908 1169 182 472
336 1 1404 1488 399 527
336 2 896 1155 183 459
337 1 1380 1473 391 523
337 2 1583 1712 349 486
338 1 1362 1460 389 519
338 2 1565 1703 343 486
339 1 1359 1454 396 530
339 2 871 1126 156 438
340 1 1359 1452 403 538
340 2 885 1127 161 447
341 1 1355 1453 396 524
341 2 1567 1680 346 499
342 1 1362 1459 385 525
342 2 1576 1715 335 491
343 1 1362 1460 387 528
343 2 1581 1713 339 496
344 1 1350 1446 391 529
344 2 1573 1709 344 501
345 1 1339 1439 391 532
345 2 1563 1710 344 502
346 1 1338 1438 389 526
346 2 1564 1711 338 494
347 1 1341 1440 376 519
347 2 1569 1720 327 485
348 1 1348 1448 369 515
348 2 1582 1730 315 480
349 1 1356 1459 371 517
349 2 1594 1747 324 482
350 1 1347 1449 386 529
350 2 1592 1739 329 492
351 1 1335 1436 397 541
351 2 1578 1727 340 505
352 1 1325 1425 403 550
352 2 1569 1719 350 514
353 1 1312 1414 414 564
353 2 1556 1710 365 527
354 1 1299 1402 422 572
354 2 1550 1698 366 537
355 1 1288 1395 423 573
355 2 1544 1692 372 539
356 1 1285 1393 431 579
356 2 1541 1687 383 545
357 1 1280 1388 442 591
357 2 1540 1693 389 557
358 1 1278 1387 442 589
358 2 1543 1698 393 557
359 1 1277 1388 435 586
359 2 1549 1708 383 557
360 1 1276 1387 440 589
360 2 1552 1714 386 562
361 1 1275 1386 432 584
361 2 1557 1717 380 559
362 1 1273 1379 429 583
362 2 1557 1714 377 559
363 1 1257 1368 429 585
363 2 1542 1703 376 565
364 1 1235 1340 432 589
364 2 1519 1682 383 571
365 1 1218 1322 436 591
365 2 1499 1662 389 572
366 1 1200 1305 431 591
366 2 1489 1642 393 577
367 1 1191 1310 437 597
367 2 1482 1631 401 583
368 1 1179 1284 448 606
368 2 1468 1620 413 596
369 1 1153 1270 456 614
369 2 1447 1594 433 603
370 1 562 868 484 805
370 2 776 1037 163 466
371 1 562 868 484 805
371 2 731 998 179 452
372 1 505 808 473 798
372 2 723 967 172 442
373 1 497 792 477 805
373 2 695 958 172 447
374 1 457 764 473 807
374 2 672 943 170 450
375 1 456 745 478 805
375 2 642 932 171 454
376 1 423 738 482 810
376 2 652 913 173 461
377 1 450 744 494 835
377 2 665 906 187 476
378 1 461 766 497 826
378 2 666 917 205 491
379 1 982 1088 547 710
379 2 678 963 214 513
380 1 998 1114 556 729
380 2 717 979 232 511
381 1 1008 1128 559 733
381 2 730 982 242 512
382 1 1021 1135 577 743
382 2 754 1002 238 524
383 1 1029 1148 578 753
383 2 767 1013 251 527
384 1 1044 1162 576 746
384 2 787 1027 251 527
385 1 1058 1182 561 735
385 2 796 1046 236 512
386 1 1072 1195 548 716
386 2 819 1065 214 500
387 1 1076 1203 532 713
387 2 804 1066 202 475
388 1 1075 1201 530 711
388 2 806 1062 199 472
389 1 1065 1186 531 713
389 2 787 1049 199 470
390 1 1048 1179 535 722
390 2 793 1042 197 469
391 1 1047 1176 540 730
391 2 795 1030 202 478
392 1 1046 1177 547 739
392 2 800 1033 205 482
393 1 1044 1174 548 742
393 2 799 1033 203 481
394 1 1049 1177 546 744
394 2 799 1041 197 471
395 1 1056 1184 558 749
395 2 805 1051 196 470
396 1 1058 1188 564 761
396 2 810 1057 195 480
397 1 1062 1194 577 776
397 2 829 1072 204 486
398 1 1068 1199 596 790
398 2 841 1082 207 494
399 1 1061 1193 592 790
399 2 845 1077 203 488
400 1 1045 1181 604 805
400 2 844 1077 204 490
401 1 1034 1170 606 810
401 2 842 1075 206 492
402 1 1025 1158 612 811
402 2 838 1073 207 492
403 1 1015 1150 611 808
403 2 838 1074 202 492
404 1 1012 1148 595 803
404 2 834 1090 182 482
405 1 1011 1145 593 792
405 2 852 1095 170 467
406 1 1006 1140 575 785
406 2 848 1101 156 461
407 1 987 1128 572 780
407 2 843 1102 152 452
408 1 976 1116 563 778
408 2 841 1103 139 454
409 1 967 1108 568 786
409 2 832 1103 145 451
410 1 963 1100 570 787
410 2 832 1105 149 458
411 1 960 1093 571 789
411 2 840 1098 145 461
412 1 956 1086 582 801
412 2 850 1096 158 477
413 1 950 1076 587 808
413 2 837 1100 164 493
414 1 945 1065 604 819
414 2 707 956 572 850
415 1 929 1048 609 830
415 2 689 947 571 848
416 1 925 1041 607 830
416 2 708 935 578 855
417 1 811 1074 218 554
417 2 728 933 576 859
418 1 802 1073 229 571
418 2 724 932 587 864
419 1 804 1074 256 594
419 2 686 929 591 867
420 1 784 1065 267 685
420 2 664 929 591 871
421 1 761 1051 294 657
421 2 664 929 591 871
422 1 745 1032 310 682
422 2 643 905 658 890
423 1 745 1032 310 682
423 2 643 905 658 890
424 1 710 1018 368 775
424 2 1231 1426 702 983
425 1 677 1021 398 889
425 2 1234 1427 705 983
426 1 705 1030 403 950
426 2 1243 1438 705 990
427 1 716 1039 438 832
427 2 1251 1454 704 992
428 1 725 1040 449 877
428 2 1251 1454 704 992
429 1 742 1045 457 942
429 2 1254 1458 701 989
430 1 703 1041 467 905
430 2 1245 1442 701 991
431 1 719 1034 483 929
431 2 1237 1443 702 990
432 1 717 1041 497 913
432 2 1236 1443 703 991
433 1 733 1036 494 939
433 2 1235 1440 701 990
434 1 721 1041 510 927
434 2 1234 1439 699 996
435 1 750 1037 513 923
435 2 1229 1439 703 999
436 1 728 1043 524 929
436 2 1226 1429 704 999
437 1 741 1040 542 938
437 2 1220 1425 705 990
438 1 734 1038 552 947
438 2 1213 1420 698 1000
439 1 732 1041 552 956
439 2 1204 1409 699 997
440 1 732 1021 583 959
440 2 1194 1396 700 996
441 1 730 1018 579 957
441 2 1183 1386 697 995
442 1 742 1012 592 970
442 2 1175 1377 697 999
443 1 741 1011 611 987
443 2 1165 1374 702 994
444 1 730 1006 618 993
444 2 1158 1363 703 995
445 1 730 1003 642 1002
445 2 1149 1355 699 994
446 1 710 1002 649 1016
446 2 1139 1353 701 993
447 1 689 995 661 1027
447 2 1132 1343 700 994
448 1 688 984 672 1036
448 2 1124 1326 694 989
449 1 674 981 690 1048
449 2 1111 1313 692 985
450 1 675 973 700 1061
450 2 1100 1300 691 984
451 1 650 957 712 1063
451 2 1082 1289 690 987
452 1 659 953 730 1071
452 2 1077 1280 686 986
453 1 688 952 750 1070
453 2 1069 1274 687 986
454 1 658 948 764 1069
454 2 1058 1257 688 985
455 1 644 945 793 1073
455 2 1047 1252 693 984
456 1 678 941 801 1080
456 2 1038 1234 690 985
457 1 636 937 823 1078
457 2 1027 1230 686 981
458 1 626 928 843 1074
458 2 1015 1219 689 983
459 1 646 924 858 1078
459 2 1008 1211 692 981
460 1 705 933 434 672
460 2 1002 1207 688 979
461 1 702 928 430 663
461 2 993 1204 685 977
462 1 689 924 424 663
462 2 991 1200 683 979
463 1 716 922 419 653
463 2 990 1198 682 979
464 1 704 922 409 644
464 2 988 1197 682 974
465 1 684 920 394 630
465 2 985 1192 673 969
466 1 711 916 387 627
466 2 985 1191 669 965
467 1 677 915 377 615
467 2 982 1187 663 953
468 1 690 912 361 602
468 2 634 920 890 1080
469 1 684 922 350 584
469 2 640 924 880 1080
470 1 695 926 342 573
470 2 645 930 876 1077
471 1 680 929 328 566
471 2 676 935 865 1079
472 1 687 932 307 545
472 2 660 943 846 1074
473 1 699 933 309 541
473 2 661 945 847 1075
474 1 712 938 307 536
474 2 673 953 840 1077
475 1 735 944 294 527
475 2 672 957 836 1073
476 1 723 949 289 521
476 2 670 958 822 1073
477 1 738 953 279 513
477 2 691 961 819 1071
478 1 752 962 272 508
478 2 699 965 818 1074
479 1 747 966 262 496
479 2 699 971 812 1073
480 1 744 975 250 491
480 2 704 980 811 1072
481 1 767 979 248 480
481 2 710 989 803 1073
482 1 754 983 225 474
482 2 715 997 799 1072
483 1 782 992 234 465
483 2 722 1007 788 1070
484 1 779 1002 223 453
484 2 724 1013 776 1065
485 1 791 1013 219 446
485 2 743 1019 767 1067
486 1 804 1020 214 442
486 2 753 1027 760 1069
487 1 822 1018 212 443
487 2 761 1027 756 1053
488 1 824 1026 208 434
488 2 764 1031 744 1045
489 1 809 1025 211 439
489 2 776 1035 739 1035
490 1 810 1023 210 436
490 2 788 1039 729 1027
491 1 833 1024 213 439
491 2 784 1041 716 1021
492 1 834 1027 218 439
492 2 819 1045 722 1017
493 1 822 1029 223 442
493 2 809 1048 703 1001
494 1 824 1031 221 439
494 2 804 1053 694 986
495 1 836 1035 229 446
495 2 798 1056 692 980
496 1 828 1033 233 453
496 2 797 1054 689 972
497 1 836 1035 233 450
497 2 835 1054 690 966
498 1 832 1038 238 454
498 2 819 1053 671 959
499 1 834 1042 238 448
499 2 820 1059 658 947
500 1 852 1046 237 451
500 2 822 1060 652 939
501 1 851 1046 238 452
501 2 818 1054 650 930
502 1 853 1043 245 456
502 2 827 1055 641 919
503 1 864 1048 242 455
503 2 849 1062 630 916
504 1 862 1048 240 449
504 2 843 1060 636 910
505 1 873 1051 251 458
505 2 844 1060 636 909
506 1 877 1055 252 463
506 2 813 1061 622 898
507 1 890 1061 252 459
507 2 818 1062 614 891
508 1 897 1064 254 456
508 2 832 1068 611 880
509 1 898 1067 257 459
509 2 848 1066 608 878
510 1 892 1073 256 458
510 2 854 1075 605 869
511 1 910 1076 258 462
511 2 852 1077 598 869
512 1 642 745 310 459
512 2 879 1082 604 870
513 1 647 750 308 456
513 2 863 1087 598 862
514 1 654 758 306 450
514 2 865 1089 591 864
515 1 655 761 307 452
515 2 871 1091 592 863
516 1 656 767 309 452
516 2 864 1090 594 860
517 1 658 763 307 448
517 2 856 1090 587 855
518 1 660 772 302 446
518 2 873 1097 588 854
519 1 668 781 305 450
519 2 886 1103 594 855
520 1 674 810 306 452
520 2 880 1104 588 854
521 1 678 804 307 449
521 2 881 1107 588 855
522 1 677 812 307 453
522 2 884 1106 588 855
523 1 675 813 307 452
523 2 882 1102 589 853
524 1 672 814 307 452
524 2 885 1104 587 854
525 1 671 816 310 453
525 2 875 1101 586 857
526 1 671 810 313 458
526 2 888 1097 593 856
527 1 670 813 311 455
527 2 891 1098 594 857
528 1 672 810 313 457
528 2 891 1092 589 856
529 1 675 809 316 459
529 2 869 1085 593 856
530 1 675 813 312 457
530 2 874 1079 592 854
531 1 674 811 308 454
531 2 867 1074 587 850
532 1 675 815 309 453
532 2 853 1065 596 848
533 1 677 814 310 458
533 2 823 1055 580 845
534 1 682 813 311 457
534 2 819 1043 581 842
535 1 683 819 311 459
535 2 801 1034 579 842
536 1 685 818 316 461
536 2 803 1024 579 841
537 1 689 819 322 461
537 2 938 1110 319 524
538 1 690 822 324 463
538 2 932 1108 327 521
539 1 687 814 322 462
539 2 941 1104 326 521
540 1 685 819 321 460
540 2 941 1103 326 523
541 1 688 820 322 461
541 2 941 1106 327 524
542 1 690 816 322 459
542 2 942 1104 326 523
543 1 692 815 323 457
543 2 945 1106 328 525
544 1 694 817 325 454
544 2 954 1106 330 525
545 1 695 816 319 453
545 2 954 1106 329 523
546 1 698 819 318 453
546 2 949 1108 331 523
547 1 702 821 322 457
547 2 951 1113 335 530
548 1 709 828 319 456
548 2 963 1119 332 530
549 1 714 835 314 454
549 2 965 1123 328 525
550 1 720 842 314 453
550 2 960 1128 330 523
551 1 728 855 313 460
551 2 974 1136 330 526
552 1 735 856 318 459
552 2 984 1143 335 532
553 1 741 864 318 456
553 2 980 1149 341 532
554 1 748 868 321 457
554 2 989 1150 348 538
555 1 749 857 323 457
555 2 992 1151 352 539
556 1 750 858 317 452
556 2 982 1152 349 539
557 1 752 864 317 451
557 2 992 1157 349 542
558 1 757 857 321 452
558 2 998 1159 352 544
559 1 760 878 319 453
559 2 1005 1162 353 544
560 1 762 877 317 450
560 2 1010 1164 354 546
561 1 766 866 315 453
561 2 1019 1166 358 548
562 1 772 867 319 455
562 2 1029 1171 363 556
563 1 776 868 320 455
563 2 1033 1174 366 558
564 1 777 868 322 456
564 2 1027 1175 366 558
565 1 775 866 321 453
565 2 1027 1176 365 559
566 1 774 865 320 454
566 2 1032 1179 364 556
567 1 773 866 324 470
567 2 1028 1177 369 559
568 1 771 864 325 467
568 2 1027 1176 373 563
569 1 769 863 326 466
569 2 1023 1176 375 564
570 1 771 861 329 471
570 2 1026 1174 382 570
571 1 767 860 334 472
571 2 1029 1171 386 582
572 1 762 856 336 491
572 2 1024 1169 391 581
573 1 756 848 338 483
573 2 1004 1165 394 583
574 1 756 847 349 520
574 2 999 1162 401 590
575 1 754 847 354 524
575 2 991 1160 405 592
576 1 746 841 358 525
576 2 997 1155 410 601
577 1 739 836 364 503
577 2 987 1152 420 611
578 1 734 832 369 505
578 2 984 1149 424 614
579 1 637 772 409 606
579 2 964 1141 432 618
580 1 632 768 420 608
580 2 968 1136 436 624
581 1 633 768 417 611
581 2 982 1132 435 626
582 1 630 759 418 606
582 2 978 1126 439 632
583 1 626 757 426 612
583 2 967 1122 447 636
584 1 616 751 424 605
584 2 966 1118 446 636
585 1 612 745 419 610
585 2 966 1115 446 637
586 1 602 740 428 611
586 2 956 1107 452 643
587 1 601 737 423 615
587 2 955 1104 455 646
588 1 595 731 423 617
588 2 952 1096 451 645
589 1 588 725 422 606
589 2 949 1092 455 648
590 1 588 723 427 606
590 2 932 1088 454 646
591 1 579 725 421 606
591 2 937 1088 456 655
592 1 581 721 416 609
592 2 930 1085 455 651
593 1 575 721 417 607
593 2 931 1084 456 652
594 1 575 723 418 606
594 2 935 1086 459 660
595 1 575 727 417 607
595 2 921 1086 462 658
596 1 579 724 416 609
596 2 931 1085 468 663
597 1 579 726 415 609
597 2 922 1085 475 669
598 1 579 724 413 609
598 2 918 1083 476 673
599 1 579 722 415 608
599 2 912 1082 476 679
600 1 579 721 415 606
600 2 906 1082 475 681
601 1 579 723 413 607
601 2 904 1081 477 684
602 1 579 722 417 608
602 2 912 1082 484 690
603 1 582 739 419 602
603 2 921 1084 488 695
604 1 586 730 416 609
604 2 923 1085 489 701
605 1 584 731 415 612
605 2 931 1088 492 707
606 1 592 735 427 616
606 2 935 1093 494 713
607 1 594 740 424 621
607 2 935 1098 498 716
608 1 590 741 418 618
608 2 935 1098 499 719
609 1 592 735 425 618
609 2 934 1098 498 721
610 1 589 730 424 617
610 2 935 1100 501 725
611 1 591 734 419 616
611 2 936 1102 504 731
612 1 595 734 419 614
612 2 938 1107 506 735
613 1 599 750 410 608
613 2 937 1107 506 735
614 1 601 762 411 607
614 2 932 1109 506 740
615 1 601 763 407 604
615 2 934 1110 507 745
616 1 607 762 406 605
616 2 934 1114 518 751
617 1 602 751 408 602
617 2 939 1115 522 756
618 1 597 758 408 603
618 2 932 1112 526 762
619 1 596 757 407 601
619 2 934 1113 531 769
620 1 597 758 409 604
620 2 933 1114 536 780
621 1 596 755 410 605
621 2 934 1114 543 788
622 1 597 756 407 605
622 2 933 1114 544 791
623 1 592 748 407 600
623 2 932 1114 548 799
624 1 591 750 407 604
624 2 931 1114 552 806
625 1 593 751 408 604
625 2 930 1114 552 809
626 1 595 755 410 609
626 2 928 1116 551 812
627 1 598 750 408 612
627 2 926 1117 549 813
628 1 591 747 410 605
628 2 918 1116 545 813
629 1 590 747 410 605
629 2 909 1118 537 813
630 1 589 745 414 608
630 2 910 1120 533 813
631 1 587 743 415 612
631 2 908 1121 527 815
632 1 584 742 415 612
632 2 901 1120 523 813
633 1 587 733 410 604
633 2 895 1123 516 812
634 1 584 730 414 611
634 2 895 1127 504 818
635 1 581 729 419 612
635 2 906 1129 492 809
636 1 580 733 422 611
636 2 911 1136 488 790
637 1 580 734 422 612
637 2 915 1149 468 784
638 1 578 731 418 613
638 2 909 1155 449 773
639 1 579 742 411 612
639 2 915 1162 431 767
640 1 584 758 406 612
640 2 914 1186 417 756
641 1 586 748 410 606
641 2 922 1223 399 744
642 1 596 749 419 616
642 2 701 853 494 722
643 1 596 749 419 616
643 2 704 859 485 721
644 1 1279 1388 343 565
644 2 716 868 489 720
645 1 620 764 428 600
645 2 732 882 497 720
646 1 627 768 442 626
646 2 732 882 497 720
647 1 648 783 451 639
647 2 753 900 522 750
648 1 648 783 451 639
648 2 767 912 535 762
649 1 669 813 475 678
649 2 774 923 538 776
650 1 674 820 484 686
650 2 780 929 560 788
651 1 683 846 503 696
651 2 787 933 572 799
652 1 691 843 494 712
652 2 790 940 576 807
653 1 696 837 511 721
653 2 800 946 589 818
654 1 702 857 527 735
654 2 805 949 598 828
655 1 708 856 534 733
655 2 805 956 608 834
656 1 718 855 534 735
656 2 812 964 610 835
657 1 723 860 536 739
657 2 827 972 610 842
658 1 728 876 539 741
658 2 826 979 614 845
659 1 737 884 538 748
659 2 840 987 619 845
660 1 743 894 539 747
660 2 845 995 620 845
661 1 749 899 540 747
661 2 854 998 619 850
662 1 747 895 548 743
662 2 854 999 625 851
663 1 752 901 544 745
663 2 853 1000 625 850
664 1 752 895 544 743
664 2 855 1000 626 855
665 1 1266 1454 620 890
665 2 853 1001 630 858
666 1 1262 1453 630 894
666 2 851 998 635 866
667 1 1260 1447 630 900
667 2 840 995 632 872
668 1 1260 1447 636 903
668 2 844 996 644 875
669 1 1262 1447 640 908
669 2 838 995 652 883
670 1 1259 1450 650 915
670 2 843 995 654 886
671 1 1256 1446 643 912
671 2 846 994 656 886
672 1 1250 1437 646 918
672 2 840 986 657 888
673 1 1241 1428 651 924
673 2 833 978 664 890
674 1 1239 1428 666 925
674 2 829 974 673 896
675 1 1237 1421 664 932
675 2 825 974 674 899
676 1 1232 1418 669 935
676 2 823 972 673 905
677 1 1232 1418 669 935
677 2 823 972 673 905
678 1 1224 1404 679 948
678 2 823 972 673 905
679 1 1220 1402 686 951
679 2 806 956 685 922
680 1 1215 1398 693 958
680 2 806 952 700 931
681 1 1205 1388 708 968
681 2 793 943 711 935
682 1 1205 1388 708 968
682 2 793 943 711 935
683 1 1205 1388 708 968
683 2 793 943 711 935
684 1 1205 1388 708 968
684 2 786 934 757 985
685 1 1192 1377 762 1030
685 2 784 932 763 1001
686 1 731 828 676 829
686 2 785 933 785 1014
687 1 733 832 686 835
687 2 790 932 799 1029
688 1 1193 1376 796 1063
688 2 786 934 807 1038
689 1 735 828 702 842
689 2 781 931 808 1040
690 1 735 832 710 855
690 2 786 932 817 1047
691 1 741 835 715 861
691 2 797 943 821 1054
692 1 750 848 718 864
692 2 801 949 820 1051
693 1 757 856 714 861
693 2 808 956 823 1050
694 1 764 859 715 859
694 2 816 961 823 1048
695 1 770 867 710 856
695 2 820 968 811 1036
696 1 781 874 705 846
696 2 829 972 812 1032
697 1 790 885 704 845
697 2 836 981 810 1032
698 1 801 898 700 840
698 2 849 993 805 1021
699 1 811 903 695 833
699 2 862 1002 792 1018
700 1 820 915 697 835
700 2 868 1006 790 1011
701 1 830 920 691 829
701 2 877 1013 788 998
702 1 835 930 680 817
702 2 882 1017 779 990
703 1 844 938 678 817
703 2 890 1025 771 982
704 1 853 953 674 805
704 2 899 1035 769 972
705 1 864 947 671 793
705 2 905 1041 764 964
706 1 536 792 730 1015
706 2 906 1041 746 951
707 1 542 784 709 1003
707 2 909 1042 733 936
708 1 539 784 690 991
708 2 911 1042 732 923
709 1 524 789 675 987
709 2 914 1046 718 917
710 1 502 782 677 974
710 2 916 1047 710 910
711 1 524 785 636 963
711 2 912 1043 706 896
712 1 480 788 637 945
712 2 909 1041 697 890
713 1 459 789 627 931
713 2 910 1038 699 890
714 1 1258 1407 712 940
714 2 907 1036 692 884
715 1 1250 1397 710 937
715 2 903 1029 686 878
716 1 1243 1390 708 933
716 2 898 1024 681 871
717 1 1240 1385 706 924
717 2 896 1023 678 868
718 1 1238 1384 701 917
718 2 896 1024 669 857
719 1 874 953 586 705
719 2 895 1023 664 849
720 1 873 953 578 696
720 2 894 1022 658 842
721 1 873 953 578 696
721 2 896 1022 651 835
722 1 873 953 578 696
722 2 895 1021 645 827
723 1 1209 1286 451 591
723 2 893 1021 639 820
724 1 1209 1285 452 590
724 2 895 1021 636 819
725 1 1213 1284 454 592
725 2 898 1023 633 820
726 1 1220 1289 451 595
726 2 902 1030 632 818
727 1 1243 1386 661 877
727 2 907 1034 631 818
728 1 1245 1388 658 876
728 2 909 1036 632 816
729 1 1247 1393 656 879
729 2 912 1039 634 816
730 1 1251 1394 659 875
730 2 914 1042 636 817
731 1 1250 1393 661 877
731 2 914 1043 638 820
732 1 1247 1390 663 878
732 2 911 1040 637 818
733 1 1243 1386 665 885
733 2 907 1034 641 828
734 1 876 957 570 685
734 2 900 1028 642 830
735 1 867 953 570 686
735 2 893 1021 640 830
736 1 863 946 572 687
736 2 886 1016 644 835
737 1 856 938 571 695
737 2 880 1008 644 838
738 1 848 930 573 695
738 2 876 1004 644 835
739 1 850 928 572 693
739 2 873 1003 645 837
740 1 845 933 571 699
740 2 868 1000 645 838
741 1 1207 1348 662 874
741 2 865 996 641 830
742 1 848 922 565 664
742 2 871 998 633 827
743 1 859 919 564 654
743 2 875 998 634 828
744 1 859 919 564 654
744 2 870 996 632 822
745 1 866 916 560 648
745 2 869 993 629 819
746 1 866 916 560 648
746 2 1203 1346 639 858
747 1 863 980 626 816
747 2 1197 1340 638 858
748 1 858 976 625 817
748 2 1192 1337 637 857
749 1 855 974 622 813
749 2 1192 1337 637 857
750 1 855 974 622 813
750 2 1192 1337 637 857
751 1 855 974 622 813
751 2 1192 1337 637 857
752 1 855 974 622 813
752 2 1192 1337 637 857
753 1 855 974 622 813
753 2 1192 1337 637 857
754 1 855 974 622 813
754 2 1168 1317 614 834
755 1 855 974 622 813
755 2 1167 1309 614 829
756 1 855 974 622 813
756 2 1163 1306 611 827
757 1 970 1181 378 644
757 2 1163 1306 611 827
758 1 953 1167 384 656
758 2 1163 1306 611 827
759 1 937 1152 398 660
759 2 1142 1294 608 830
760 1 936 1136 402 662
760 2 1144 1295 599 826
761 1 925 1128 408 668
761 2 1148 1293 605 826
762 1 919 1121 415 676
762 2 1148 1293 605 826
763 1 912 1112 423 680
763 2 1148 1293 605 826
764 1 912 1112 423 680
764 2 1151 1304 605 825
765 1 912 1112 423 680
765 2 1159 1307 604 829
766 1 489 985 294 768
766 2 1165 1310 609 831
767 1 489 985 294 768
767 2 1165 1314 605 831
768 1 489 985 294 768
768 2 1168 1318 599 829
769 1 489 985 294 768
769 2 1170 1323 595 826
770 1 489 985 294 768
770 2 1173 1326 589 825
771 1 489 985 294 768
771 2 1180 1334 592 828
772 1 489 985 294 768
772 2 1183 1339 590 823
773 1 489 985 294 768
773 2 1184 1334 587 824
774 1 489 985 294 768
774 2 1189 1345 589 824
775 1 489 985 294 768
775 2 1194 1352 590 824
776 1 489 985 294 768
776 2 1197 1356 589 823
777 1 489 985 294 768
777 2 1201 1360 592 824
778 1 489 985 294 768
778 2 1207 1358 594 829
779 1 489 985 294 768
779 2 1209 1364 595 829
780 1 1119 1211 355 494
780 2 1215 1371 595 830
781 1 1119 1211 355 494
781 2 1220 1375 602 838
782 1 1119 1211 355 494
782 2 1227 1378 608 838
783 1 1119 1211 355 494
783 2 1230 1382 606 838
784 1 1119 1211 355 494
784 2 1235 1387 608 842
785 1 1119 1211 355 494
785 2 1237 1392 608 842
786 1 1119 1211 355 494
786 2 1241 1397 607 842
787 1 1119 1211 355 494
787 2 1241 1397 607 842
788 1 1119 1211 355 494
788 2 1241 1397 607 842
789 1 1119 1211 355 494
789 2 1241 1397 607 842
790 1 1119 1211 355 494
790 2 1241 1397 607 842
791 1 1119 1211 355 494
791 2 1241 1397 607 842
792 1 1119 1211 355 494
792 2 1241 1397 607 842
793 1 1119 1211 355 494
793 2 1241 1397 607 842
794 1 1119 1211 355 494
794 2 1021 1343 347 701
795 1 1119 1211 355 494
795 2 1021 1343 347 701
796 1 1119 1211 355 494
796 2 1021 1343 347 701
797 1 1119 1211 355 494
797 2 1045 1361 349 681
798 1 1119 1211 355 494
798 2 881 1054 584 872
799 1 1119 1211 355 494
799 2 881 1049 625 870
800 1 1119 1211 355 494
800 2 880 1052 625 878
801 1 1119 1211 355 494
801 2 884 1053 643 875
802 1 1119 1211 355 494
802 2 883 1053 643 879
803 1 1119 1211 355 494
803 2 882 1053 652 883
804 1 1119 1211 355 494
804 2 883 1053 655 889
805 1 1119 1211 355 494
805 2 885 1054 653 894
806 1 1119 1211 355 494
806 2 885 1056 648 897
807 1 1119 1211 355 494
807 2 885 1055 655 894
808 1 1121 1379 323 639
808 2 884 1053 657 894
809 1 920 1057 595 725
809 2 883 1050 660 894
810 1 918 1055 590 755
810 2 881 1045 663 895
811 1 924 1057 593 750
811 2 877 1041 665 895
812 1 923 1057 588 758
812 2 876 1035 660 896
813 1 922 1056 588 756
813 2 871 1031 658 893
814 1 921 1058 587 764
814 2 861 1028 661 887
815 1 920 1058 589 769
815 2 857 1024 659 883
816 1 921 1057 587 771
816 2 859 1021 656 886
817 1 921 1055 587 773
817 2 851 1015 655 879
818 1 916 1053 586 775
818 2 841 1005 650 879
819 1 914 1050 580 775
819 2 836 999 650 870
820 1 914 1049 579 774
820 2 837 991 642 866
821 1 913 1049 579 770
821 2 828 983 640 861
822 1 907 1045 572 765
822 2 826 982 630 857
823 1 907 1046 569 771
823 2 816 977 629 853
824 1 907 1046 580 774
824 2 817 970 628 854
825 1 901 1042 586 779
825 2 808 963 633 851
826 1 901 1042 585 778
826 2 793 953 635 850
827 1 896 1039 587 783
827 2 795 948 634 854
828 1 901 1039 587 781
828 2 793 946 633 852
829 1 899 1037 586 779
829 2 792 942 628 851
830 1 902 1036 588 783
830 2 787 936 634 848
831 1 902 1035 590 784
831 2 789 933 633 844
832 1 900 1033 587 784
832 2 788 931 631 838
833 1 901 1033 594 783
833 2 775 926 621 839
834 1 900 1030 589 786
834 2 774 921 627 838
835 1 901 1032 590 788
835 2 767 916 620 834
836 1 897 1027 590 789
836 2 750 906 621 829
837 1 889 1018 592 785
837 2 747 897 616 833
838 1 885 1017 592 783
838 2 744 888 611 821
839 1 883 1016 590 782
839 2 749 889 611 816
840 1 881 1014 590 779
840 2 735 878 599 816
841 1 875 1009 588 781
841 2 729 871 601 807
842 1 873 1007 590 781
842 2 721 867 601 804
843 1 871 1006 590 780
843 2 726 863 601 799
844 1 867 1001 587 780
844 2 715 857 590 797
845 1 864 1001 585 781
845 2 706 851 591 791
846 1 865 999 588 779
846 2 705 849 585 785
847 1 863 995 592 780
847 2 698 846 584 786
848 1 860 989 585 781
848 2 697 843 583 783
849 1 856 989 587 781
849 2 692 836 582 781
850 1 853 987 589 782
850 2 684 835 586 780
851 1 850 982 591 782
851 2 689 830 582 777
852 1 849 984 590 782
852 2 690 829 572 774
853 1 850 986 591 782
853 2 692 826 576 772
854 1 852 991 588 779
854 2 692 829 571 766
855 1 852 992 588 780
855 2 690 827 570 765
856 1 851 993 585 783
856 2 686 827 568 761
857 1 853 991 583 777
857 2 694 831 555 757
858 1 854 994 578 781
858 2 696 832 552 756
859 1 854 993 574 777
859 2 695 834 554 751
860 1 855 1000 574 773
860 2 702 836 545 748
861 1 863 1005 572 774
861 2 707 842 539 744
862 1 875 1013 573 777
862 2 712 857 549 744
863 1 882 1019 577 780
863 2 729 861 550 745
864 1 885 1023 576 782
864 2 729 869 552 749
865 1 891 1030 588 789
865 2 733 876 557 756
866 1 894 1032 587 795
866 2 738 883 562 755
867 1 896 1036 596 800
867 2 748 893 563 761
868 1 905 1046 605 813
868 2 758 902 573 768
869 1 910 1060 614 815
869 2 771 906 569 768
870 1 921 1064 606 814
870 2 776 923 570 767
871 1 924 1071 610 817
871 2 785 935 565 765
872 1 925 1071 605 813
872 2 789 937 570 760
873 1 928 1069 593 799
873 2 797 944 554 748
874 1 927 1067 591 790
874 2 791 938 545 736
875 1 923 1072 574 775
875 2 789 934 532 721
876 1 919 1069 561 770
876 2 792 933 520 709
877 1 920 1065 551 758
877 2 785 930 514 703
878 1 917 1070 537 739
878 2 785 930 514 703
879 1 915 1068 527 729
879 2 784 930 483 673
880 1 903 1061 503 717
880 2 775 923 459 661
881 1 901 1055 498 710
881 2 762 915 455 652
882 1 888 1044 484 704
882 2 760 909 455 651
883 1 884 1040 485 698
883 2 750 903 447 643
884 1 879 1036 486 702
884 2 730 894 450 645
885 1 876 1023 481 696
885 2 739 890 444 641
886 1 872 1021 476 692
886 2 738 890 438 634
887 1 870 1018 475 692
887 2 735 886 437 635
888 1 857 1014 472 692
888 2 729 876 430 641
889 1 851 1010 474 692
889 2 709 872 431 641
890 1 845 1007 478 694
890 2 1531 1823 295 611
891 1 832 991 468 691
891 2 1244 1424 481 751
892 1 824 984 463 685
892 2 1233 1419 479 747
893 1 820 979 467 691
893 2 1068 1189 402 602
894 1 820 975 453 683
894 2 682 839 427 627
895 1 820 975 453 683
895 2 677 837 413 621
896 1 541 625 168 313
896 2 679 834 411 613
897 1 544 621 194 318
897 2 679 834 404 613
898 1 544 621 194 318
898 2 668 827 402 611
899 1 1225 1408 436 711
899 2 662 822 397 609
900 1 1219 1401 435 707
900 2 658 816 398 607
901 1 1210 1391 437 708
901 2 647 807 399 611
902 1 1201 1383 435 707
902 2 632 799 400 612
903 1 1197 1381 433 708
903 2 630 794 403 615
904 1 1184 1377 428 706
904 2 616 782 406 613
905 1 1179 1372 441 707
905 2 616 778 405 617
906 1 1011 1123 403 596
906 2 616 778 405 617
907 1 1003 1117 400 611
907 2 1162 1350 444 727
908 1 734 896 448 677
908 2 1158 1341 445 729
909 1 581 742 423 640
909 2 1144 1329 438 728
910 1 567 735 430 643
910 2 969 1086 417 629
911 1 695 850 452 695
911 2 956 1075 421 631
912 1 1109 1291 469 741
912 2 938 1063 436 641
913 1 1097 1282 462 743
913 2 925 1054 443 643
914 1 1090 1275 457 737
914 2 521 689 433 645
915 1 1088 1269 461 735
915 2 518 687 435 643
916 1 1081 1269 457 732
916 2 513 676 429 645
917 1 905 1033 446 653
917 2 503 673 421 642
918 1 899 1032 444 652
918 2 501 678 420 637
919 1 903 1033 442 642
919 2 503 672 411 632
920 1 894 1031 439 644
920 2 484 676 411 625
921 1 896 1031 438 643
921 2 488 669 410 626
922 1 906 1037 442 648
922 2 506 676 412 631
923 1 908 1040 442 649
923 2 513 678 412 632
924 1 909 1045 443 649
924 2 516 681 410 631
925 1 915 1047 447 652
925 2 518 685 417 630
926 1 916 1044 449 655
926 2 519 686 421 633
927 1 913 1043 452 660
927 2 514 677 421 640
928 1 1089 1273 447 731
928 2 511 676 430 644
929 1 1088 1273 446 728
929 2 509 677 428 642
930 1 1087 1273 444 726
930 2 513 678 425 640
931 1 991 1085 258 402
931 2 514 681 426 640
932 1 657 811 451 679
932 2 517 687 422 638
933 1 658 814 451 680
933 2 518 686 422 640
934 1 659 813 452 682
934 2 518 683 426 642
935 1 656 813 450 681
935 2 519 683 426 640
936 1 655 811 443 675
936 2 512 679 421 637
937 1 651 805 446 677
937 2 510 678 419 637
938 1 652 803 446 676
938 2 511 677 419 636
939 1 650 799 447 675
939 2 513 679 419 633
940 1 653 799 472 685
940 2 520 684 431 641
941 1 664 806 478 679
941 2 522 681 443 641
942 1 1374 1664 270 585
942 2 524 678 445 640
943 1 1373 1663 270 585
943 2 524 679 445 640
944 1 1376 1675 272 573
944 2 532 684 460 640
945 1 1388 1673 269 574
945 2 895 1061 450 661
946 1 1393 1678 269 575
946 2 903 1067 450 662
947 1 1394 1685 269 586
947 2 913 1073 449 662
948 1 1406 1697 269 579
948 2 917 1075 446 661
949 1 1414 1702 270 577
949 2 923 1080 446 662
950 1 1418 1708 268 579
950 2 931 1084 444 659
951 1 1425 1717 266 574
951 2 943 1094 439 660
952 1 1144 1332 434 720
952 2 946 1106 440 658
953 1 1154 1338 434 717
953 2 953 1111 439 655
954 1 1164 1351 432 720
954 2 957 1118 439 658
955 1 1171 1359 435 724
955 2 968 1122 443 665
956 1 1178 1363 436 728
956 2 975 1129 443 663
957 1 1179 1369 437 728
957 2 977 1132 447 663
958 1 1184 1373 442 730
958 2 982 1136 449 660
959 1 1190 1381 442 729
959 2 987 1144 450 663
960 1 1191 1388 445 731
960 2 990 1151 443 665
961 1 1199 1390 439 733
961 2 992 1154 438 663
962 1 1198 1395 435 731
962 2 997 1158 438 662
963 1 1205 1401 437 731
963 2 1002 1162 447 662
964 1 1213 1406 434 726
964 2 1003 1162 445 661
965 1 1216 1405 434 727
965 2 1004 1166 440 660
966 1 1217 1407 433 727
966 2 1005 1167 441 660
967 1 1216 1407 432 725
967 2 1004 1166 438 659
968 1 1212 1406 432 722
968 2 1003 1164 436 654
969 1 1212 1406 430 722
969 2 1001 1163 434 652
970 1 1211 1406 428 720
970 2 1001 1163 434 653
971 1 1210 1406 426 719
971 2 999 1160 432 649
972 1 1210 1407 427 719
972 2 1000 1161 431 647
973 1 1210 1407 428 713
973 2 1001 1162 430 646
974 1 1212 1408 420 717
974 2 1000 1161 422 643
975 1 1213 1411 420 718
975 2 1001 1164 422 645
976 1 1214 1414 421 712
976 2 1003 1167 427 646
977 1 1215 1419 418 710
977 2 1004 1166 423 643
978 1 1218 1419 411 713
978 2 1006 1170 417 640
979 1 1222 1425 412 707
979 2 1009 1174 418 643
980 1 769 948 412 658
980 2 1012 1175 416 639
981 1 771 952 414 656
981 2 1016 1180 412 636
982 1 773 957 411 655
982 2 1016 1185 410 638
983 1 774 957 407 654
983 2 1021 1186 409 635
984 1 774 958 405 651
984 2 1019 1185 407 635
985 1 779 961 404 651
985 2 1022 1189 406 634
986 1 778 963 401 650
986 2 1027 1192 406 630
987 1 782 963 402 648
987 2 1029 1195 406 629
988 1 779 963 399 650
988 2 1029 1196 406 630
989 1 780 965 399 648
989 2 1029 1196 406 630
990 1 778 964 398 646
990 2 1028 1195 403 630
991 1 775 961 399 649
991 2 1027 1193 406 631
992 1 774 962 399 649
992 2 1026 1193 407 632
993 1 773 960 398 648
993 2 1026 1192 404 631
994 1 771 960 399 650
994 2 1019 1192 405 635
995 1 771 957 400 651
995 2 1020 1184 407 638
996 1 768 956 400 651
996 2 1017 1186 407 635
997 1 766 954 399 652
997 2 1013 1183 404 635
998 1 763 950 401 657
998 2 1010 1178 410 638
999 1 761 945 402 659
999 2 1008 1178 410 638
1000 1 755 937 407 657
1000 2 1006 1174 410 638
1001 1 754 937 401 661
1001 2 1003 1172 412 640
1002 1 753 939 412 664
1002 2 1002 1170 415 646
1003 1 746 934 411 664
1003 2 1000 1167 417 649
1004 1 746 933 411 663
1004 2 1000 1167 417 648
1005 1 753 942 405 659
1005 2 1003 1171 414 644
1006 1 753 938 401 659
1006 2 1005 1172 412 640
1007 1 752 936 399 659
1007 2 1005 1172 409 636
1008 1 751 936 402 658
1008 2 1003 1170 412 639
1009 1 749 933 404 656
1009 2 1001 1171 407 636
1010 1 743 936 395 654
1010 2 998 1167 405 636
1011 1 744 933 399 655
1011 2 994 1163 403 635
